"cellIndex","windowIndex","frameIndex","termination","Duration","avgSpeed","maxSpeed"
1,1,2,6,5,-5.01434447456666,2.40927662454563
1,1,34,47,14,-3.66816214168261,0.902410964874594
1,1,56,63,8,-7.57790892392968,0.0418479278155113
1,1,77,89,13,-2.19906005311531,-0.637340453822768
1,2,34,38,5,-2.94351566689092,-0.383976749196075
1,2,42,47,6,-3.09304143593756,1.49060735459977
1,2,56,65,10,-7.80385338157941,2.58916400591531
1,2,76,89,14,-3.41765007983457,-1.15010904485037
1,3,10,14,5,-2.3228572141394,0.194502454530737
1,3,44,47,4,-2.03311367687037,0.268929041200634
1,3,57,67,11,-5.91090413031421,1.922211702389
1,3,75,83,9,-3.60958015212663,1.47090350370805
1,3,86,89,4,-5.40203505901201,-1.44796310800467
1,4,59,69,11,-4.40890323463099,4.74102654841708
1,4,77,83,7,-3.37384901338789,1.10130790205703
1,5,62,69,8,-3.69962844552411,0.33619948702042
1,5,80,83,4,-2.46366200721664,0.14468838400369
1,6,66,70,5,-2.31011101731057,1.86939758443232
1,39,26,32,7,-2.19483986408068,-0.379171301177829
1,40,26,32,7,-2.42468573610187,0.20803938854436
1,41,26,32,7,-2.28694507969172,0.704516480659304
1,42,25,32,8,-2.42202499750206,0.732322180266615
1,43,25,32,8,-2.47463111097976,0.845596962448271
1,44,25,32,8,-2.50428751597784,0.425654862257579
1,44,41,48,8,-2.08392235313007,0.0374326878220475
1,45,26,36,11,-2.04739370770692,-0.243120613404968
1,45,42,49,8,-2.07616384065825,0.858722219200257
1,46,25,36,12,-2.42537032304036,-0.226983458533733
1,46,42,48,7,-2.23203976006792,0.106709613763371
1,47,24,32,9,-3.08878534251197,-0.196647711826632
1,47,42,48,7,-2.30694137748878,0.0581905221048649
1,48,25,32,8,-2.88120716617725,-0.0408457705893499
1,48,41,47,7,-2.17420408153419,-0.428835535529933
1,49,25,33,9,-2.90918208522535,0.203582832935136
1,49,41,47,7,-2.36355357153633,0.126984897597681
1,50,25,33,9,-3.1787867399222,1.0145021322508
1,50,41,47,7,-2.5396884002917,-0.242897051906534
1,51,26,32,7,-4.0716569922932,-0.208958607274147
1,51,42,48,7,-2.92369227323016,-0.176940636608478
1,52,25,37,13,-2.18271759883694,0.880648132964591
1,52,41,48,8,-2.26282744742326,1.50693450071223
1,52,57,63,7,-2.95358530226747,-0.156866149620815
1,53,41,47,7,-3.03228725260848,-0.00184261603485931
1,53,57,63,7,-2.60481829417721,0.240094824165717
1,54,40,48,9,-2.3836406456653,1.29359206292714
1,54,57,63,7,-2.46198352650602,-0.214599986391624
1,55,40,48,9,-2.52401531308863,0.683932113316818
1,55,57,64,8,-2.06949376860942,-0.257290375864626
1,56,11,23,13,-2.11930428515842,-0.350940924472007
1,56,56,72,17,-2.22221202663341,0.583542826603322
1,59,10,24,15,-2.17055632243169,0.836353569472512
1,60,2,6,5,-2.14885557525454,-0.216816769728552
1,61,2,6,5,-2.4108684231244,-0.242224185291837
1,62,2,6,5,-2.35834582018389,-0.358600136874406
1,63,2,6,5,-2.43903547156875,-0.308250845417486
1,64,2,6,5,-2.26905133224456,-0.415447148272617
1,65,15,24,10,-2.06784168931472,1.08539605910841
1,65,63,73,11,-2.12987491625123,-0.0207798448075368
1,66,63,74,12,-2.07488393886632,0.121795009435221
1,67,62,74,13,-2.00469359582185,0.154646226365308
1,71,14,23,10,-2.1273917908239,0.0764879949792513
1,72,15,23,9,-2.2115386859622,0.131396441950635
1,73,15,23,9,-2.05164615854508,-0.156172828283941
1,77,2,6,5,-2.07376521249363,0.695070337996207
1,101,14,20,7,-2.05412889296867,-0.171512083978399
1,102,13,20,8,-2.75042751815242,-0.40695362454976
1,112,38,51,14,-3.38742740865338,1.84376438411177
1,113,38,51,14,-6.1245987962764,1.6842552681003
1,113,61,79,19,-2.20856198321329,-0.0253293409079109
1,114,38,51,14,-6.70317508081075,1.20704690759075
1,115,37,51,15,-6.58231820383308,0.702681842169017
1,116,2,8,7,-4.03533794565494,0.820136882573157
1,116,35,46,12,-9.77701303277046,1.24446294090725
1,116,53,65,13,-2.27258609515611,-0.209793300627415
1,116,70,78,9,-2.06911599125737,-0.176813512005915
1,117,2,8,7,-4.79806968234632,0.466720725690488
1,117,34,44,11,-10.8020624529386,0.575403886669271
1,117,49,63,15,-2.68471775817611,0.241726314109365
1,117,71,78,8,-2.29162759142773,0.294543925596842
1,118,2,7,6,-3.08725728654684,-0.0320602765429033
1,118,21,25,5,-2.30765197286688,0.185669106441631
1,118,33,41,9,-8.82175719323919,0.815389550043906
1,118,44,57,14,-4.90067245467957,1.47523008424674
1,118,68,78,11,-2.45081423306548,3.39284745451482
1,119,20,25,6,-2.78502531350319,2.52410577775449
1,119,32,40,9,-6.53223075319058,0.0582593006762889
1,119,42,55,14,-7.59807417419934,-0.382943662398705
1,119,59,77,19,-4.86759694567694,4.26645577363258
1,120,31,41,11,-6.89942795461865,0.120701030361711
1,120,44,55,12,-7.8924036434806,2.31078705481362
1,120,59,75,17,-6.75910430858149,0.53271732048016
1,120,83,89,7,-5.32380594864903,-2.39707541944179
1,121,30,41,12,-5.85842772950116,2.06185447824833
1,121,45,56,12,-5.90424030003289,1.11531541673097
1,121,58,73,16,-6.12964780730797,-0.445674368399683
1,121,81,89,9,-4.49569977032697,-2.18734189866934
1,122,30,70,41,-4.6312813621004,0.872856094329276
1,122,80,87,8,-3.52721777226114,2.21975073311407
1,123,5,9,5,-2.1888373085047,0.564903154236043
1,123,34,51,18,-4.37591988257611,0.265090960501267
1,123,59,70,12,-5.16360021178437,0.557677221691855
1,123,78,87,10,-2.63876746181258,0.545732480143243
1,124,4,14,11,-3.60432852113574,0.654861325342632
1,124,34,51,18,-3.43206429909359,0.434169090242213
1,124,63,70,8,-3.46862070935899,0.0869857127871993
1,124,77,89,13,-2.07654419628706,-0.223320026924717
1,125,9,22,14,-5.1597822216199,-0.11753186349635
1,125,40,51,12,-3.40648751310764,0.0690015273521344
1,125,64,71,8,-2.91637696435808,0.137400152086335
1,126,10,25,16,-7.88806714703847,0.687037338402649
1,126,40,50,11,-4.55066176904225,0.306613428260495
1,126,56,82,27,-2.63886051212786,0.391449099424779
1,127,10,25,16,-6.96516805342032,0.080775956777407
1,127,39,49,11,-4.8278020022022,2.01939496158078
1,127,62,87,26,-3.07926849899631,-0.377684182601356
1,128,11,25,15,-4.79897028982069,1.1510050309712
1,128,40,48,9,-3.6090268743678,0.558723768219081
1,128,64,88,25,-2.95339193365983,0.314974596690884
1,129,11,25,15,-4.2222684732834,0.361146701381152
1,129,66,89,24,-2.06752494377569,0.06766887198098
1,130,11,26,16,-3.61130214181095,0.446920787303372
1,131,3,30,28,-3.28455911885205,-0.427103957682588
1,131,69,77,9,-2.51450355096284,0.399933465889409
1,132,2,11,10,-6.18243138035359,0.197245695266529
1,132,15,33,19,-3.22274150565044,1.20660178723422
1,132,44,59,16,-2.91928936432382,0.66150805825308
1,132,62,87,26,-2.36818192601057,0.981360956908924
1,133,2,11,10,-6.3667823613538,0.982830206519223
1,133,17,33,17,-3.2772452673876,1.68689347519675
1,133,62,87,26,-3.48004323478349,-0.0733421065692365
1,134,2,10,9,-5.38776411420191,-0.393531471893271
1,134,21,32,12,-3.45750150535089,1.63353431362406
1,134,37,51,15,-3.27883191408739,0.967511243606039
1,134,68,89,22,-4.87633014894623,-1.14248618741516
1,135,19,27,9,-2.74846648048354,-0.201782057488775
1,135,37,47,11,-3.11875632981226,-0.130143554547059
1,135,70,89,20,-5.02366826620937,-2.58837366319032
1,136,17,26,10,-2.40739726462281,0.930413316407012
1,136,70,89,20,-2.4078892178605,-0.370347402452566
1,138,7,25,19,-2.17600512541308,1.53170828713425
1,139,8,25,18,-4.05323898403675,0.680368767168658
1,139,72,89,18,-2.09970744212062,-0.209067262514863
1,140,9,26,18,-5.38377914067353,0.997177073848577
1,140,72,89,18,-2.55066499684912,-0.917812849925109
1,141,9,26,18,-5.93980454579626,0.207899537050133
1,141,67,87,21,-2.53796195299977,0.366611423029296
1,142,10,39,30,-3.83476998462192,-0.191481181448058
1,142,64,86,23,-4.10617552233391,0.0147623203826062
1,143,11,40,30,-4.34035604588653,0.836719589455808
1,143,63,87,25,-5.57320196960117,-0.180058200214083
1,144,11,41,31,-5.04260102261253,-0.350981077488955
1,144,63,89,27,-5.28926090454296,-1.0634923085181
1,145,10,51,42,-4.96667591513217,-0.338120684572208
1,145,63,89,27,-4.08970602444986,-1.38370129907446
2,1,23,45,23,-5.38711278241553,-0.215302424598271
2,2,23,44,22,-5.39926639360846,-0.141404295104857
2,3,12,20,9,-2.17957205567804,0.857504401894456
2,3,22,43,22,-4.30230283590575,1.11886283676474
2,4,12,19,8,-2.18791549508333,0.527203816700634
2,4,22,41,20,-3.58561646880698,-0.236146470332701
2,4,85,89,5,-2.11246085237498,-0.93211098054162
2,5,22,43,22,-3.32779874322284,0.609144948741069
2,5,83,89,7,-2.46326452563777,-0.504355067271311
2,6,20,41,22,-4.68518555206808,0.887667504785454
2,6,84,89,6,-2.29095847590788,-0.531807770719806
2,7,12,39,28,-4.21323834259011,-0.342727692344187
2,8,2,9,8,-3.34762375705435,-0.071762321183889
2,8,21,39,19,-5.19790667170831,-0.0997345087824299
2,9,2,8,7,-3.28192962535989,0.583340181616995
2,9,20,40,21,-5.47188918060928,-0.264410540649799
2,10,2,8,7,-2.92805225082625,0.428856619790137
2,10,13,41,29,-5.29674863830866,-0.366150998945418
2,10,82,89,8,-2.4914673852483,-0.472793059510127
2,11,2,10,9,-2.89802194306493,-0.003668304864097
2,11,12,43,32,-5.30506479180166,-0.284084071376583
2,11,83,89,7,-3.07566048287188,-1.33396912806977
2,12,2,38,37,-4.93621674960269,-0.344972579010027
2,12,83,89,7,-2.71757448093145,-1.38784276532709
2,13,2,38,37,-5.38815601796293,-0.134372003100918
2,13,82,89,8,-2.10293011810578,-0.766386139139189
2,14,2,38,37,-5.8268389470465,-0.134725247916866
2,14,80,89,10,-2.88721601047649,-1.5429209940506
2,15,2,10,9,-3.77700742406613,-0.26127578143883
2,15,14,38,25,-8.23151344668361,-0.213313230661273
2,15,78,89,12,-4.47555818908436,-2.70779689790361
2,16,2,11,10,-2.82783276611733,0.246595664585579
2,16,14,38,25,-7.88756333088817,-0.0841787850845913
2,16,77,89,13,-5.28032111593162,0.147729449616661
2,17,2,38,37,-6.1649792879454,1.15342603565058
2,17,76,83,8,-5.60858734316951,5.8702993254275
2,18,2,38,37,-6.5453324803727,1.79830237791095
2,18,75,82,8,-6.51701485179456,1.55012335887041
2,19,2,11,10,-5.2242947812878,0.312087327879045
2,19,14,38,25,-8.04373310142382,0.547844931223773
2,19,75,83,9,-5.377215252374,3.50756140020679
2,20,2,38,37,-6.46429832480809,-0.237828699777365
2,20,79,84,6,-9.02792888881571,2.25708327803057
2,21,2,17,16,-4.92567897201412,3.68905840998972
2,21,22,40,19,-6.16674956943785,0.227948180835981
2,21,79,85,7,-11.3410267563406,8.7174669973001
2,22,2,17,16,-5.67363612986229,1.65440265530765
2,22,23,41,19,-6.75335731500361,0.129452171805993
2,22,78,85,8,-11.5660729827036,12.1745288533685
2,23,2,17,16,-3.69770526741209,6.64976797558967
2,23,23,33,11,-9.777626923708,0.233023322265689
2,23,35,41,7,-3.45868318823054,1.98530210156178
2,23,71,84,14,-8.6523976822892,3.1500351354434
2,24,6,15,10,-3.8987591147837,1.06989331611004
2,24,22,32,11,-11.8833972912524,1.17606027020383
2,24,72,84,13,-9.80916369619236,8.91934331259775
2,25,2,14,13,-5.5136959154084,-0.589374754210068
2,25,20,33,14,-10.5082850316607,1.646623840674
2,26,2,15,14,-5.48118316087603,0.358961061106016
2,26,20,35,16,-8.66182052672669,-0.415245115985492
2,27,2,16,15,-3.86701514725438,0.664245787771156
2,27,21,37,17,-7.57231489981723,0.788945936814337
2,27,74,81,8,-15.5061819835164,2.89196803892388
2,28,2,16,15,-2.85198262494306,0.237185287219788
2,28,21,38,18,-7.19573721486504,5.02219118330384
2,29,2,17,16,-3.17915083066963,1.51168539929973
2,29,21,39,19,-6.06807767773707,10.2378088574895
2,29,74,87,14,-12.7035531625123,6.85310679182583
2,30,2,9,8,-4.14183740841414,1.15421985298737
2,30,20,35,16,-6.20948726074743,0.0209821676218253
2,30,74,89,16,-16.7938373681141,8.30279430872966
2,31,2,9,8,-4.29367525516127,0.521253862627114
2,31,13,33,21,-5.14708345281909,1.23700043188176
2,32,2,9,8,-2.94790680697388,0.479562624083524
2,32,13,32,20,-7.78516308233836,1.46074846558894
2,32,76,89,14,-12.4403472115716,-5.3228414138006
2,33,2,31,30,-5.74717269134015,-0.161207416117102
2,33,76,89,14,-10.9342838470988,-1.53024542420855
2,34,2,5,4,-2.10052842597864,0.134872038412141
2,34,10,32,23,-5.30273184884388,0.374882085636636
2,34,78,89,12,-12.3784261931683,-0.475050652501145
2,35,9,19,11,-9.92645489804283,1.2931777520171
2,35,22,32,11,-2.85950781263199,0.792922269328593
2,35,79,89,11,-13.4204627135235,-1.85971968872707
2,36,10,18,9,-10.1872977584854,1.32935570524338
2,36,23,32,10,-3.15199390205801,0.381326829412619
2,36,80,89,10,-11.7067784389852,-4.15973048386095
2,37,10,18,9,-4.85164113377367,6.65228330640258
2,37,22,29,8,-10.1651365464531,0.134118917222384
2,37,42,45,4,-2.22397938853095,4.96132819983426
2,37,79,89,11,-9.81439787542086,-1.86502571226983
2,38,6,10,5,-3.99233147204518,1.2438030028377
2,38,22,29,8,-12.0495590580819,1.62398389763387
2,38,66,89,24,-13.4654877612783,4.9558404861912
2,39,6,11,6,-5.19167238365746,0.590539181153991
2,39,21,28,8,-11.465131251695,0.291651521975274
2,39,69,88,20,-15.7221783626921,4.19380874850668
2,40,6,13,8,-3.38508782189346,-0.0365286219199275
2,40,19,28,10,-7.76469788125373,0.582166759130918
2,40,41,56,16,-4.39142271480404,36.8223198025471
2,40,68,87,20,-14.3847957837332,8.44901040727439
2,41,18,28,11,-10.3589230164809,-0.0791661132110229
2,41,41,57,17,-4.2783979162121,35.1771504277982
2,41,69,78,10,-28.7391906020152,6.76685752500911
2,41,81,86,6,-4.68621632290357,9.33083499357302
2,42,2,8,7,-2.45696861085182,0.166527298140081
2,42,17,36,20,-6.82673555223996,7.78741270501917
2,42,49,58,10,-19.4834537155334,11.6276458509579
2,42,69,78,10,-32.2070813742506,3.18983840583736
2,42,81,85,5,-4.42520698295073,1.52949481356239
2,43,2,9,8,-6.09923787159522,0.534467190125881
2,43,16,36,21,-7.10979894910256,2.46850330308874
2,43,50,57,8,-23.8904626583589,9.30401834833652
2,43,66,85,20,-13.7748059314909,33.6966437865762
2,44,2,9,8,-6.42202975469276,2.12133700756845
2,44,13,36,24,-6.13673239802282,-0.127564349605755
2,44,47,58,12,-6.05047128846546,32.7515657993015
2,44,66,89,24,-11.6291281897938,34.0028066092343
2,45,2,7,6,-7.64115516836575,-0.201351991301685
2,45,12,36,25,-5.66543852269453,1.18547271302538
2,45,69,89,21,-17.6677494858932,1.78893344508001
2,46,2,6,5,-6.40215958533168,2.2869482928351
2,46,12,36,25,-4.83025894091654,1.40746112995802
2,46,70,89,20,-16.5178932229258,-2.96845661254512
2,47,2,6,5,-5.69010917407861,1.1720032994205
2,47,11,36,26,-4.68271993349326,0.619033876145862
2,47,70,89,20,-14.1201954570954,5.86834138681559
2,48,2,35,34,-4.60842526970023,-0.508293920021408
2,48,71,89,19,-12.3369403945247,-0.53755146802929
2,49,2,34,33,-5.91705245938766,-0.248746281982312
2,50,2,31,30,-6.75157577973971,-0.439792549243493
2,51,9,30,22,-7.59472979498178,0.0567806478988339
2,52,9,16,8,-7.81172455231003,5.12449243162634
2,52,20,30,11,-7.24257043126221,1.08283398480728
2,52,72,80,9,-6.93740335769278,0.48375910100387
2,53,9,15,7,-9.10919132520128,10.3436073829056
2,53,19,30,12,-7.56789894799472,1.35148909675147
2,53,50,53,4,-3.08397421069507,2.95574342655034
2,53,72,87,16,-2.28670280494097,-0.144637975712092
2,54,20,26,7,-9.85468709115482,0.694385493430293
2,54,34,39,6,-3.01991135718428,0.0467099403725783
2,54,72,86,15,-2.14995785537507,-0.345754254195522
2,55,20,26,7,-8.84331300520063,1.27746511644266
2,55,33,39,7,-3.91605216090111,0.733443844405892
2,55,56,61,6,-4.5143271312383,2.73178819217676
2,55,79,85,7,-2.03351063627126,0.0337132576806215
2,56,19,27,9,-11.7343771367097,2.71671036675305
2,56,34,40,7,-3.98086576899529,2.17234137625582
2,56,55,62,8,-5.11221395060327,2.68942807429812
2,57,18,28,11,-11.341316627773,3.63592225279077
2,57,34,41,8,-6.00191093199515,2.59684380778788
2,57,54,73,20,-3.95914910150671,0.245427034312701
2,58,18,29,12,-10.5823912078697,0.845226380638255
2,58,34,41,8,-8.56654521586403,1.03124589134065
2,58,53,73,21,-3.00482478435933,-0.304984044080818
2,59,17,30,14,-10.1963318230363,0.347041387687831
2,59,35,41,7,-9.24460269071608,1.07941699041508
2,59,56,67,12,-2.64878686344815,-0.380554028906317
2,60,6,10,5,-5.12678785211151,4.63767600825189
2,60,16,31,16,-11.421444263302,2.47147901688795
2,60,35,42,8,-7.59727840641431,2.76402809443858
2,60,62,75,14,-3.48566839861408,0.234657345426794
2,61,6,10,5,-7.05663809939982,3.49341361989802
2,61,16,32,17,-11.0450456911506,2.3885234069727
2,61,35,43,9,-7.8299221253716,3.52275775015533
2,61,52,55,4,-2.7735499225158,2.5844449286627
2,61,62,75,14,-4.00615725607271,-0.0588115532303878
2,62,6,10,5,-7.42022183314364,0.636681586176074
2,62,23,34,12,-10.3832608016863,1.46144582228247
2,62,36,43,8,-8.22218027030488,1.33751537775454
2,62,52,57,6,-4.59303689561592,0.942066970261212
2,62,62,69,8,-5.98461214943926,-0.135402960535092
2,62,86,89,4,-7.20235814725734,-2.31291086095242
2,63,24,35,12,-10.991120929873,0.554616905692897
2,63,37,44,8,-7.90383599014147,0.488096518332802
2,63,53,72,20,-4.89169925988488,-0.344941183457827
2,63,79,82,4,-3.03045911323983,1.36897790138137
2,64,24,35,12,-12.658328539615,2.91304548536193
2,64,38,45,8,-5.86891304444285,3.30310686352494
2,64,53,73,21,-5.66860325307664,1.70871906703746
2,65,24,35,12,-14.732768975185,4.38486070586522
2,65,40,45,6,-4.51406439105845,3.80841116947667
2,65,53,72,20,-8.19639016903075,0.428136181258552
2,66,23,35,13,-15.2203256999534,4.71687670192344
2,66,51,71,21,-9.14993578957554,0.600665929135051
2,67,22,35,14,-16.5367692512648,2.74319441275297
2,67,50,69,20,-7.44638414587886,2.31309976810218
2,68,6,10,5,-2.59267405486507,7.08798561201059
2,68,21,36,16,-14.9405411867684,2.30440224195231
2,68,49,58,10,-6.63811244244634,2.26481256486367
2,68,60,68,9,-7.73271314394626,1.41160236421418
2,69,3,10,8,-4.96533742358627,3.55755138493287
2,69,22,58,37,-9.75637805769775,0.785181286899691
2,69,60,67,8,-6.91581102652424,-0.312776571561883
2,70,2,10,9,-7.01797222569253,0.67608294365194
2,70,14,56,43,-4.75476912121224,40.8703674465002
2,70,59,67,9,-5.63789800843375,0.711888200114988
2,71,2,10,9,-5.4919943756624,-0.154270972922305
2,71,22,55,34,-12.1947380684254,0.975632094126
2,71,61,67,7,-3.07376315732261,0.513025395486854
2,72,24,49,26,-12.0447964990083,0.546305140669526
2,73,24,43,20,-12.2148524333283,0.837152901067119
2,73,47,53,7,-2.59348620995583,-0.440439943223632
2,73,62,69,8,-3.14254056976591,-0.105092352872062
2,74,27,43,17,-8.85407029069472,3.34091855669018
2,74,47,51,5,-3.55356003894004,1.4270917985292
2,74,62,75,14,-4.98133103367099,2.45939932583958
2,75,22,38,17,-9.84341226688317,2.6596250207317
2,75,47,51,5,-3.47701811151527,-0.30885519432422
2,75,60,75,16,-5.52591706539945,2.96781697434629
2,76,2,6,5,-8.79691134702654,3.80848855630577
2,76,21,37,17,-11.1918780080095,7.88576115762232
2,76,45,57,13,-3.47510247632121,0.824514722127092
2,76,61,75,15,-4.84037263886441,4.97640421271687
2,77,22,28,7,-13.1373792677224,3.10544839333348
2,77,31,37,7,-9.9448553811397,9.19081765391906
2,77,44,58,15,-6.32821332813939,2.0257642347386
2,77,61,70,10,-5.61662519390801,0.920426133056564
2,78,2,7,6,-6.66159581410515,7.4264567927337
2,78,22,38,17,-4.79018386612197,16.1107010049301
2,78,43,70,28,-5.87530950451006,1.08290796791407
2,79,31,47,17,-8.74218293605754,4.98935070738124
2,79,55,68,14,-2.65450731189106,1.02321261882368
2,79,78,82,5,-4.13941587381553,3.11440986257413
2,80,31,46,16,-8.31268569413568,5.14493745266584
2,80,58,65,8,-3.65914780152292,0.911155749552064
2,81,14,27,14,-11.0310268727731,3.03197857013248
2,81,36,45,10,-4.26416614230773,0.222540007372633
2,81,49,54,6,-3.67738791240112,0.582946637277948
2,81,60,64,5,-2.91562157882606,1.11630345739991
2,82,12,28,17,-11.5277601230405,9.53057843101474
2,82,39,55,17,-3.91704010970414,4.2216684209997
2,83,2,5,4,-6.11094931400598,1.40410451191341
2,83,11,17,7,-8.92245616612906,0.946842869641095
2,83,40,55,16,-9.06740102947643,0.348788649693412
2,84,2,5,4,-5.56286046017732,5.13150428855461
2,84,11,18,8,-9.50655732252318,8.47382468011506
2,84,41,51,11,-7.61497362179819,2.39023911081058
2,84,56,64,9,-3.32618846619106,6.0442059955024
2,84,82,87,6,-4.12435208982928,7.98019793886261
2,85,2,5,4,-2.28000500735513,4.61134805386584
2,85,11,19,9,-12.4035131429521,5.3976327974911
2,85,57,63,7,-5.33802846861507,0.441223335205777
2,85,81,89,9,-12.378438784335,-0.432521173787478
2,86,10,20,11,-10.6801292529468,1.12494378698037
2,86,39,46,8,-6.1368696662402,-0.443931516864809
2,86,57,63,7,-4.30666222035449,0.237950848504705
2,86,81,89,9,-17.171090995284,-2.89811864012997
2,87,11,27,17,-7.60953661636639,4.16516814130006
2,87,32,51,20,-8.11294771410505,0.0607594157152563
2,87,58,63,6,-3.52586036900716,-0.514632713157233
2,87,82,89,8,-19.1055405619652,-5.75340681050975
2,88,2,5,4,-3.25972320199934,2.02516458818181
2,88,12,27,16,-7.60161336922021,5.10342099863574
2,88,32,49,18,-11.9136379728349,0.659815579155073
2,88,52,62,11,-3.38049578469357,0.901952830264522
2,88,66,74,9,-4.78432652038067,3.78731641622941
2,88,82,89,8,-15.6669797397471,-3.12190635251179
2,89,2,7,6,-5.14956796554545,4.48416102681368
2,89,14,27,14,-8.56939999074203,8.12648068062049
2,89,33,47,15,-13.1024640730387,1.5184125674782
2,89,52,62,11,-4.02958390214467,5.83626612303136
2,89,66,73,8,-8.37144252560285,0.231259133105746
2,89,81,89,9,-9.84167298678005,-4.37570552414624
2,90,2,7,6,-6.83608091860616,0.926435951516858
2,90,14,27,14,-7.52786426059761,8.63025568421646
2,90,33,46,14,-10.2582620943183,-0.00940898091711406
2,90,51,62,12,-6.28431837965185,7.08496640611365
2,90,66,72,7,-7.7671129958694,3.16723808618627
2,90,79,89,11,-10.8899912653725,-3.11809227815017
2,91,14,21,8,-7.19309867270332,0.961527871419515
2,91,22,27,6,-6.30007758135934,1.45923141722795
2,91,35,61,27,-8.58923424027888,0.0922090725675159
2,91,66,71,6,-6.70386393432387,6.06595776629692
2,91,79,89,11,-8.75655380161099,-2.64009221857809
2,92,15,20,6,-5.27929007418222,5.69666955338879
2,92,23,29,7,-6.44343999449526,3.44143271900761
2,92,36,61,26,-9.28983226063159,5.28369789092822
2,92,66,70,5,-4.77630610712941,1.4736634256123
2,92,80,89,10,-8.91482376931794,-0.592027004307892
2,93,15,19,5,-3.99016944037961,1.70261422573736
2,93,25,31,7,-6.20911351974028,5.40274582615795
2,93,38,59,22,-8.04060048512308,0.836419230522464
2,93,81,89,9,-13.5355980741846,-2.33794072675463
2,94,16,19,4,-2.24091788341051,1.18610229772549
2,94,25,32,8,-6.62682298382362,1.98610518311289
2,94,40,58,19,-6.48905038485691,0.810484797048987
2,94,75,78,4,-2.78536260698207,2.21589876619837
2,94,81,89,9,-16.0834721255434,-3.51507616539675
2,95,24,33,10,-9.37587278661012,0.862571492795183
2,95,39,56,18,-5.66353597164485,1.10803691952652
2,95,70,78,9,-3.65983745175114,2.35956401941237
2,95,80,89,10,-15.9281929347322,-1.07685684766144
2,96,24,34,11,-9.83510140269097,2.04888130756984
2,96,38,55,18,-4.07494341915878,0.995466364783551
2,96,72,77,6,-2.17274995585223,2.18652415490984
2,96,81,89,9,-15.5746648064998,-5.43448693256212
2,97,26,35,10,-9.43404398229565,0.837175892419555
2,97,46,56,11,-3.69944423531632,0.35712968049505
2,97,81,89,9,-9.9463053018548,-0.490898022483883
2,98,9,16,8,-4.94471586961876,2.92830359630422
2,98,27,41,15,-7.67064072177336,2.23873087752764
2,98,45,61,17,-5.0897919192315,-0.352340459844257
2,98,72,77,6,-4.88196215379699,3.8608655613662
2,98,82,89,8,-9.59633114691692,-2.8138081981426
2,99,8,16,9,-6.12073294892412,0.787034664409692
2,99,28,65,38,-7.19238593066949,1.76511851825731
2,99,71,77,7,-6.58236179786969,5.66241666287888
2,99,82,89,8,-11.2145287703093,-3.7805423060118
2,100,8,16,9,-4.40759277384026,5.20870110950619
2,100,28,66,39,-7.57823713033679,1.95652436702101
2,100,82,89,8,-11.3831223144425,-4.69722726924616
2,101,8,15,8,-4.12372563558724,0.280542639331525
2,101,28,67,40,-7.19675873850679,0.330393599543362
2,101,82,89,8,-12.3139886135134,-4.35063579027951
2,102,8,16,9,-3.37115942177432,4.0555905039183
2,102,29,54,26,-8.0630238928606,0.191244238786705
2,102,56,68,13,-4.55898373019071,-0.422195757099942
2,102,82,89,8,-13.9851266982669,-2.72810308482152
2,103,5,15,11,-3.98431044815901,2.2212253830298
2,103,29,69,41,-7.1091790847118,0.127767198462107
2,103,82,89,8,-11.6022155954319,-2.37273665152235
2,104,5,14,10,-3.32297374434542,1.99936502380739
2,104,29,69,41,-7.50675451781727,-0.143698605435341
2,104,82,89,8,-7.65323028508972,-4.01833461831043
2,105,6,13,8,-2.5521210659339,0.588268240138547
2,105,30,69,40,-5.72173357155594,1.11500799581365
2,105,82,88,7,-4.9488572645413,0.522348634445038
2,106,7,14,8,-2.25055411690911,4.94667120300868
2,106,31,39,9,-8.20648531761303,0.391495724479621
2,106,46,69,24,-5.1510528079646,0.563148216779766
2,106,81,86,6,-3.27120649802021,0.489694737538595
2,107,2,14,13,-3.08892502331455,0.790139374784432
2,107,32,39,8,-4.14681119078047,-0.116829792077751
2,107,46,72,27,-4.76102208673433,0.908431556333281
2,107,81,86,6,-2.65291796235794,-0.212936519897096
2,108,2,15,14,-2.53071792436886,-0.184056720307699
2,108,46,67,22,-4.029587111521,-0.130039947579463
2,108,82,86,5,-2.30470122724562,0.0456494180333986
2,109,8,18,11,-2.30552259449144,0.976046212838097
2,109,44,72,29,-3.61311364780661,-0.183472835030716
2,109,81,89,9,-2.60777159038206,-0.672856974789296
2,110,8,18,11,-2.975135210359,0.757980836075837
2,110,44,72,29,-4.85693182212892,-0.170485617740022
2,110,82,89,8,-3.84251188556609,-2.93788036577516
2,111,8,16,9,-2.55479640126914,-0.140439233936877
2,111,38,72,35,-2.95823310389615,-0.191022001542969
2,112,7,19,13,-2.1508569065095,0.896264889848189
2,112,42,79,38,-2.85452586840634,-0.128166216247401
2,113,9,20,12,-2.95751540870318,-0.36658294133345
2,113,44,77,34,-4.20984099719546,0.526553673698395
2,114,9,21,13,-2.94330954495819,0.777746953263583
2,114,38,74,37,-4.15817170190788,-0.270234526246876
2,115,9,20,12,-4.05903450681268,1.60739517173564
2,115,45,74,30,-3.66033133430301,0.0677034528965602
2,116,8,20,13,-4.64214383368363,4.335835957779
2,116,25,40,16,-2.78756990794299,0.288273977305394
2,116,45,74,30,-4.05590803196881,-0.195597667526272
2,117,7,20,14,-6.78239589091378,5.08872996897458
2,117,26,40,15,-5.03221321656987,0.35255196964438
2,117,46,74,29,-5.04904570452325,0.115270053068681
2,118,2,15,14,-11.8175020618418,0.599174410372996
2,118,26,39,14,-5.86446402162005,-0.0656556862065669
2,118,47,75,29,-5.18713266560245,-0.196627417771221
2,119,2,15,14,-18.1722120730021,1.65785547704646
2,119,26,40,15,-6.28711027292735,0.612627552756499
2,119,48,74,27,-5.40781738233463,-0.446075316955529
2,120,2,15,14,-21.8097348540965,1.31413188299968
2,120,26,40,15,-7.46222928877987,0.172892547972664
2,120,46,75,30,-5.23093270766586,0.88444478074611
2,121,2,15,14,-21.9663935418729,2.4098496547571
2,121,25,39,15,-6.721704763782,-0.238119802637116
2,121,45,75,31,-5.38462665641408,-0.186363475990772
2,122,2,15,14,-16.7491385268086,5.36700905105243
2,122,23,34,12,-6.08460769319403,0.175964077620663
2,122,44,72,29,-6.20391975350418,0.11511801978398
2,123,2,14,13,-13.0257939168938,3.2367799633189
2,123,21,34,14,-5.84289615699712,4.93032091391537
2,123,44,73,30,-6.89339214414912,1.30982576065614
2,124,2,13,12,-13.5167858825726,1.45099614659658
2,124,21,33,13,-7.41181031447674,0.792248988625931
2,124,66,74,9,-8.45930632185132,0.254326411566024
2,124,84,89,6,-7.37373045732909,-2.05380424519864
2,125,2,13,12,-13.4425307258434,2.87514518111057
2,125,21,34,14,-8.32245984023613,0.276995451941073
2,125,43,63,21,-9.86136733136924,5.0139394067275
2,125,82,89,8,-11.8010173119506,-4.23428141746276
2,126,2,13,12,-11.6602029667021,0.789480941208816
2,126,22,62,41,-4.85808182416412,33.8994193926367
2,126,66,76,11,-11.8846085086199,19.6966560593387
2,126,81,89,9,-14.5380142354304,-4.48249650405404
2,127,2,14,13,-11.1610351038759,0.12188348844365
2,127,43,62,20,-13.1541408815168,4.45027565095469
2,127,65,75,11,-11.0650616208074,8.5422650329734
2,127,80,89,10,-14.7081743392064,-1.55652895517077
2,128,2,12,11,-11.9644354994692,0.00873888113605021
2,128,64,74,11,-17.3091525003237,2.19115187510213
2,128,80,89,10,-15.6176273631188,-5.80647670715941
2,129,2,10,9,-14.0577989774847,1.34767750428137
2,129,64,75,12,-18.8324571656142,11.7198489338722
2,129,79,89,11,-13.5130465062132,-0.773740516944206
2,130,2,10,9,-13.2281578219473,1.65954419096626
2,130,13,17,5,-3.48788190178102,2.01832046809317
2,130,41,59,19,-9.50710545851205,8.87586222018269
2,130,61,74,14,-7.72229237264179,33.4163806078839
2,130,79,89,11,-10.3602591325723,-1.64438198564586
2,131,2,11,10,-13.9264897404131,1.25466008307903
2,131,12,18,7,-5.06307373915397,5.6985796077667
2,131,24,32,9,-14.1533932919024,0.11586448876567
2,131,41,58,18,-11.2574187747536,5.1663057642462
2,131,79,89,11,-8.88429168622136,-1.06085350251936
2,132,2,18,17,-13.5085317270682,5.28233035789661
2,132,25,32,8,-13.2022108599961,3.50473890663394
2,132,41,53,13,-14.2346373025421,1.38666035698627
2,132,80,89,10,-10.4188829178158,-1.5381739642214
2,133,2,17,16,-14.6154315737912,1.16645235094174
2,133,26,32,7,-10.1541139923735,6.65863046705897
2,133,40,51,12,-14.8151949076661,1.99626675934052
2,133,65,71,7,-9.20513051122545,7.88257614677803
2,133,82,89,8,-11.5847683510361,-3.9236752310163
2,134,2,17,16,-11.5451478751361,1.69089270155689
2,134,28,32,5,-4.63074726323723,3.80570126396335
2,134,40,49,10,-16.4961399031574,0.562712687629939
2,134,64,70,7,-4.82953602123534,4.29743733800567
2,134,83,89,7,-11.5878576894313,-6.71454526174722
2,135,2,15,14,-11.6950627820247,0.113026272028992
2,135,30,48,19,-8.37424807982892,3.89982252458467
2,135,62,67,6,-2.96635944425492,1.56826873533638
2,135,83,89,7,-7.68699070917216,-2.37958546771508
2,136,2,13,12,-12.7702844919308,1.385458382776
2,136,31,37,7,-3.95973957740593,1.10223523759481
2,136,40,47,8,-7.91452861240046,10.9319883256794
2,136,51,56,6,-5.72343170508146,1.10332374407691
2,137,2,13,12,-10.1762515211162,2.28831680263321
2,137,31,36,6,-4.72243445370868,3.25898157057031
2,137,41,45,5,-4.03645360227741,6.64507784450063
2,138,2,18,17,-5.80795153900338,1.89768736217079
2,138,21,25,5,-3.45846394770937,5.27249335580657
2,138,32,44,13,-2.99988937267498,4.30840629736088
2,139,2,17,16,-9.90022743820973,3.48524443139675
2,139,22,26,5,-2.91171278895107,8.93965527422757
2,139,36,44,9,-5.11423147967707,0.984640343843399
2,140,2,18,17,-17.4629516194929,10.4740187870088
2,140,37,82,46,-3.37863554812969,40.4904431976082
2,141,2,18,17,-20.9279288518102,9.35009744551299
2,141,59,68,10,-13.1503015441348,5.9138153068646
2,142,2,18,17,-22.2502328353933,8.50674505506778
2,142,28,89,62,-3.00165883976774,42.9499517208324
2,143,2,58,57,-2.3576893564447,43.0245022828526
2,143,61,69,9,-13.051102941644,16.6434795875401
2,143,75,89,15,-7.81719502535209,26.9081140833512
2,144,2,58,57,-2.02527210872981,44.1328532669647
2,144,62,67,6,-8.9970543928562,2.65887593280839
2,144,81,89,9,-2.48010406315611,32.2732127468522
2,146,38,44,7,-6.48515036059323,12.6767386172239
2,146,53,58,6,-3.74309750014296,1.8428339675597
2,146,60,89,30,-12.7942859330508,19.1125802630747
2,147,7,18,12,-9.61564435306756,4.09982337113463
2,147,28,35,8,-7.57809225816495,5.04854832779592
2,147,41,44,4,-4.20887840964427,0.0507005242645747
2,147,53,89,37,-10.808782026574,19.4301395116181
2,148,7,18,12,-10.303281670678,3.64008690031321
2,148,26,36,11,-7.17540329261118,5.80069867531674
2,148,53,67,15,-16.659746922757,9.96317432736226
2,148,72,79,8,-14.380008820286,13.5199456123645
2,149,8,21,14,-8.49546321335537,2.34880009635616
2,149,26,36,11,-7.3293324073756,4.72599910602812
2,149,53,69,17,-14.3357200478211,14.6242171073273
2,149,74,78,5,-8.14456833310012,2.7509144988653
2,150,8,18,11,-8.33169156700803,1.79951732747217
2,150,27,36,10,-4.17812098531803,4.05978248883399
2,150,53,68,16,-13.4225637080051,2.38997086789925
2,150,75,78,4,-4.70265064194328,0.566814153217947
2,151,2,5,4,-2.42178234678999,2.21779315154047
2,151,8,18,11,-6.1670348082334,1.18879085722043
2,151,28,34,7,-2.28580094089183,0.0206375305008179
2,151,54,69,16,-9.6938826775391,1.18788738210546
2,151,75,79,5,-3.24481903745258,1.06184200065215
2,152,2,5,4,-2.51086796080213,0.648570925531975
2,152,7,19,13,-4.15039161048881,1.40767395595709
2,152,56,71,16,-6.93128128372344,0.844629775792368
2,153,2,18,17,-3.85916139997847,0.183545775458532
2,153,56,77,22,-3.99580165836889,1.24563679743366
2,154,2,18,17,-3.36020399117079,-0.139432701132522
2,154,56,76,21,-3.29050891353052,-0.0634065472545952
2,155,8,18,11,-2.91243524088847,-0.208018488713231
2,155,57,74,18,-2.55557067084283,-0.235556507497661
2,156,58,73,16,-2.63757557025849,0.218313014849601
2,157,59,73,15,-2.97731217411967,0.515737861287992
2,158,61,73,13,-3.51312492085594,0.566256329366092
2,159,62,73,12,-3.79182760997319,0.364313540510489
2,160,2,5,4,-2.17384084852046,0.14149121956012
2,160,61,73,13,-3.33513111226579,0.12147938065556
2,161,2,5,4,-2.25980850863152,-0.448348434378134
2,161,62,73,12,-3.8102721778745,-0.0563025988296406
2,162,2,5,4,-2.40062765851952,-0.172974076337159
2,162,61,73,13,-3.42554464522953,0.896110544923174
2,163,2,5,4,-2.41710509782761,1.13617470427552
2,163,60,72,13,-3.33283270782941,0.408633567333228
2,164,2,5,4,-3.1962406713766,0.768858488343689
2,164,60,72,13,-2.98714687890726,0.583568009572962
2,165,2,6,5,-3.22190926721728,0.610001195611853
2,165,58,73,16,-2.47717578143847,0.840501548822791
2,166,2,7,6,-4.10700070613136,0.729476669900508
2,166,58,73,16,-2.75954750176408,0.572428182239122
2,167,2,7,6,-5.33335391483488,-0.525830667392998
2,167,58,73,16,-3.31475241715212,0.647375183464919
3,1,5,11,7,-8.98940125413951,2.9868496128721
3,1,33,38,6,-4.27615230087511,0.858378218667622
3,1,41,45,5,-2.27946251898849,0.80548770324604
3,1,59,64,6,-2.26518235204851,1.17679523231307
3,1,78,89,12,-5.60679488039445,-1.21374644092459
3,2,4,11,8,-9.09119961165759,1.65714962542576
3,2,19,26,8,-5.1141127934748,0.550563255799572
3,2,33,38,6,-2.4981087898698,3.93308362986085
3,2,49,52,4,-2.01286740302976,-0.337689866942996
3,2,79,89,11,-6.49707104307376,-2.04433478214054
3,3,2,12,11,-7.8616706811994,3.46194140276315
3,3,20,27,8,-8.20824386111942,1.03589092623249
3,3,48,58,11,-2.21846095772784,-0.314021071011431
3,3,80,89,10,-6.95505947532376,-1.24110418618333
3,4,2,12,11,-11.1982682327559,2.77459149346091
3,4,20,27,8,-6.58104013719007,1.12736540805305
3,4,44,59,16,-3.99558457405287,0.249895309200463
3,4,80,89,10,-5.86336951853917,-1.31748142800218
3,5,2,11,10,-13.0428555237887,0.149348126565488
3,5,21,26,6,-2.44117413757303,0.390129143771518
3,5,44,60,17,-5.79143855183512,0.73322039907414
3,5,80,89,10,-4.75223627011041,-0.564460726482714
3,6,2,10,9,-8.04461839111839,-0.111520862396836
3,6,44,60,17,-6.73496201842502,0.516863189968921
3,6,82,89,8,-3.95323311136667,-0.747456050077615
3,7,2,8,7,-3.28382644282152,0.430759071744839
3,7,43,61,19,-6.41831282688314,-0.230038626625717
3,7,86,89,4,-3.96728276181664,-0.944759692058945
3,8,14,20,7,-4.09107379464721,1.65187150410254
3,8,45,62,18,-6.58064216475907,0.357945301482645
3,9,14,20,7,-8.88426075813499,0.413057087006766
3,9,34,40,7,-3.97631581933137,-0.490816323627705
3,9,46,62,17,-8.09151597695455,0.114754696321123
3,10,15,20,6,-4.74218463665474,1.00983664245896
3,10,34,41,8,-4.70015715047655,1.26567511182713
3,10,47,62,16,-7.32838685466794,0.270214797040055
3,10,86,89,4,-6.90380091714356,-1.77215040002374
3,11,47,63,17,-4.20356797438788,1.61984145812199
3,11,86,89,4,-8.38384153495305,-2.4694479679732
3,12,49,63,15,-2.87626511469191,-0.455028194019764
3,12,86,89,4,-4.89860792228593,-0.652063055935458
3,13,51,65,15,-2.04996200080608,-0.309148826249899
3,17,54,68,15,-2.18661183238972,-0.0278769778218839
3,18,54,68,15,-2.18231725141699,-0.279177166385763
3,19,53,68,16,-2.22684007639489,0.0618848765300044
3,25,62,74,13,-2.00033959434323,-0.134912558981355
3,25,86,89,4,-2.03535058095749,-0.580450311961184
3,26,57,75,19,-3.2676499628291,0.285773416459938
3,27,56,89,34,-3.55040976691945,-0.600576095629984
3,28,61,89,29,-5.30380850650143,-0.0249951775169863
3,29,6,11,6,-2.35429798587481,0.102291089712201
3,29,59,88,30,-7.03433497910348,-0.00943191133366828
3,30,33,37,5,-2.26289580683558,0.590904064228883
3,30,58,87,30,-5.85670073585065,-0.183030430794552
3,31,21,27,7,-2.366643334317,-0.142714062708865
3,31,33,37,5,-2.22836405669468,0.458393237494493
3,31,49,59,11,-3.6204819262382,-0.0349145617847519
3,31,66,73,8,-2.96574482619909,0.841662691713383
3,31,78,89,12,-6.45024815005127,-1.71956100703672
3,32,22,28,7,-2.78158371035517,0.178514185209393
3,32,31,39,9,-3.33483480532454,0.0076254189651269
3,32,48,59,12,-6.38803773977328,4.3176858111653
3,32,66,74,9,-4.60449310663049,2.36408789448574
3,33,30,43,14,-3.50296152935914,1.46161850893288
3,33,47,60,14,-4.01722240561614,2.74114914238613
3,33,64,75,12,-5.09853543328055,1.71606155287586
3,34,2,7,6,-6.76910258534552,1.11978101594801
3,34,11,15,5,-4.45704096516693,0.194410531667068
3,34,20,64,45,-2.36480133988103,-0.131659638575553
3,35,2,8,7,-8.33191819425332,2.05941904671736
3,35,11,50,40,-4.41494971264393,0.208784689014023
3,35,57,63,7,-5.2521504086169,0.121687426714645
3,35,74,79,6,-2.205909497524,0.0707930658508968
3,36,2,8,7,-8.72151923192052,-0.0256518650395647
3,36,11,20,10,-5.83049195313265,-0.25757169506419
3,36,27,40,14,-3.52690104747846,0.591131853376985
3,36,42,49,8,-3.13515674921592,-0.257153626688276
3,37,2,8,7,-6.22037145483014,0.038682955705463
3,37,11,19,9,-4.8135639982578,2.60292211458867
3,37,35,39,5,-2.28743570959751,0.200317294179422
3,38,2,8,7,-2.85414088815765,0.416096625896104
3,38,11,18,8,-3.06843382191801,0.829509376290008
3,38,85,89,5,-4.29923421638086,-1.14310162444416
3,39,52,67,16,-2.71012281180926,0.389157997409927
3,39,86,89,4,-3.88424978649105,-1.19080376464793
3,40,36,46,11,-3.54262074199679,2.20929755922147
3,40,52,66,15,-3.95890652491394,1.76713354542384
3,41,35,45,11,-4.61115344922476,-0.684407647348056
3,41,51,66,16,-5.24942841100877,0.489808924830131
3,41,76,82,7,-3.03957900177192,3.81461060701235
3,42,30,69,40,-5.33022658223581,0.365696216019536
3,43,29,57,29,-6.96412470164183,0.719968671102677
3,43,59,69,11,-6.34227892322485,0.506755357685085
3,44,30,67,38,-4.63269403267503,1.64199995555623
3,45,35,47,13,-4.03872129315514,1.71918102417057
3,45,56,64,9,-4.93842633067178,-0.318886223530885
3,46,27,30,4,-2.1687585665274,0.389919569767255
3,47,11,19,9,-2.1742015361865,-0.651014218523784
3,47,72,77,6,-2.28541258789487,0.622230224772643
3,48,71,83,13,-3.38634201481551,-0.290007054079834
3,49,2,9,8,-2.12263364301282,0.362458682083493
3,50,17,23,7,-2.3084744522991,1.27840289769605
3,50,53,57,5,-2.04148557028278,0.177533083225108
3,52,48,54,7,-2.40773896053948,-0.209646933642051
3,53,81,89,9,-2.2010481971088,-0.495093183682267
3,56,62,68,7,-2.26319545918825,1.13723257596479
3,57,57,68,12,-3.36980418957587,1.14703870200426
3,58,56,67,12,-2.94698761658381,1.7161155558035
3,59,61,67,7,-2.38673202234857,2.31137868002416
3,59,77,81,5,-2.03382506732313,0.536545494874196
3,61,30,36,7,-2.31820763374803,0.0469470747718878
3,61,86,89,4,-7.20651104636185,-2.15174287731895
3,65,2,22,21,-4.19552111535566,0.87245976588441
3,65,30,64,35,-2.61662864880998,1.67677717110755
3,65,72,87,16,-2.6606030049086,0.0994484996892958
3,66,2,21,20,-5.38751430780362,-0.0513062374454304
3,66,29,40,12,-2.46086058903784,-0.216374007370274
3,66,58,64,7,-2.48685909293087,1.76906680278519
3,66,74,80,7,-2.25482472307001,0.251620065522871
3,67,2,19,18,-3.26700605445345,-0.177837121776831
3,67,36,47,12,-4.14780281148456,1.13954354031752
3,67,58,72,15,-3.32103625115689,0.396223494952891
3,68,2,26,25,-3.7522491807684,-0.0852391659069892
3,68,36,46,11,-4.16278144726131,0.243322398070414
3,68,67,73,7,-3.70966728447043,0.608393237644528
3,69,2,20,19,-4.92610574680513,0.464152031384167
3,69,34,52,19,-2.49654373441523,0.360550726957784
3,69,68,73,6,-5.1327636274515,-0.0543732556919479
3,70,2,19,18,-7.02088087934908,0.914189547846655
3,70,33,52,20,-3.71199479944289,0.519861731371014
3,70,67,74,8,-7.33023902916138,1.78018513125403
3,71,2,19,18,-8.56998716554227,0.522761546614226
3,71,32,52,21,-3.77198969547958,1.82204216212433
3,71,67,75,9,-9.38439140570619,6.73173057152734
3,74,2,5,4,-2.42304686311791,-0.123136710756148
3,74,12,28,17,-6.15944420771529,0.102490265483864
3,74,31,41,11,-3.21054017218174,-0.0288901062218961
3,74,46,56,11,-5.06386803286831,0.330061379285663
3,74,69,76,8,-6.09703840224276,3.1885622558845
3,76,13,31,19,-3.42914131042275,0.387182060462409
3,76,48,58,11,-6.61469088069166,3.54416466551315
3,76,70,84,15,-4.54031420435215,4.45233210593573
3,77,12,31,20,-4.97351584868236,-0.616091528553093
3,77,49,59,11,-6.13920658236284,4.23735272854789
3,77,73,84,12,-6.90893068756498,1.77702248040677
3,78,2,8,7,-2.62063245594217,0.796496757199789
3,78,11,30,20,-7.02154499587956,-0.41653520910666
3,78,51,59,9,-5.43436652618159,1.98062327475263
3,78,74,85,12,-7.47829423404323,2.26282798280589
3,79,2,8,7,-4.50768247379547,0.0503898686172102
3,79,12,29,18,-8.72581222023296,-0.302326690744812
3,79,53,59,7,-2.20356475492273,2.03325858310303
3,79,74,85,12,-6.69692000666138,0.24174964560028
3,80,2,9,8,-4.39669136828894,1.39836754187028
3,80,12,31,20,-7.1528509968299,-0.356037383714013
3,80,75,89,15,-5.79916646754732,-1.49018858497593
3,81,2,8,7,-4.40894123355841,0.0559331174921824
3,81,13,20,8,-5.60959206838911,0.852065841831273
3,81,24,33,10,-4.39227546238825,1.50452490559385
3,81,76,89,14,-5.19224171294935,-2.08289243747045
3,82,2,17,16,-3.46925128197164,-0.0840489409316511
3,82,25,38,14,-4.83924197124448,0.531592723233499
3,82,65,71,7,-2.65600419479506,-0.370574783807991
3,82,80,89,10,-2.26547955055917,-0.704338408319276
3,83,2,5,4,-3.41170888732954,-0.128090066721538
3,83,8,14,7,-3.43828050495813,0.443634614169123
3,83,24,38,15,-7.38576296110373,1.26938523728043
3,83,42,50,9,-2.68955314960563,1.55049186751399
3,83,82,89,8,-2.9184177315758,-1.52279646692722
3,84,23,52,30,-5.51142935152111,0.0141333015289379
3,84,54,60,7,-2.44524765730927,0.807964852210514
3,85,23,32,10,-6.02761278834611,0.838834206938084
3,85,34,43,10,-3.27386778724258,-0.100213828682657
3,85,46,67,22,-3.12032304357638,0.835661084584348
3,85,80,89,10,-2.69875865009351,-1.54678751343889
3,86,21,44,24,-5.14060671117037,-0.105945465464022
3,86,47,65,19,-2.70698377947285,-0.310044559903085
3,86,78,89,12,-3.49351706655774,-0.523885230856132
3,87,19,28,10,-6.17059663750305,-0.227310187567255
3,87,32,65,34,-3.69131192016204,0.395292763033885
3,87,78,89,12,-4.13576740206244,-1.18371262435635
3,88,15,25,11,-7.17745205284067,0.400609030529558
3,88,36,63,28,-2.08313122325219,-0.0452304046219022
3,88,76,89,14,-3.37765542433946,-0.923508104979456
3,89,13,25,13,-13.41455157627,1.97195425196781
3,89,76,89,14,-2.91202575452897,-1.40388686731253
3,90,12,25,14,-11.4071440181956,4.14943820412585
3,90,62,73,12,-2.65327855735127,-0.325285286049286
3,90,77,88,12,-2.53034190157093,0.329675528588604
3,91,13,24,12,-6.71434366917863,1.9816894561926
3,91,54,85,32,-3.87837255073751,-0.12195118093312
3,92,11,20,10,-4.27423984591196,0.346000867426022
3,92,58,83,26,-5.42573882560899,-0.263099683089269
3,93,2,7,6,-4.17537947080792,0.150246441190386
3,93,64,82,19,-3.51285579790135,0.943847858225257
3,94,2,8,7,-7.52798881695519,0.391973060300535
3,94,31,45,15,-3.25924594017899,-0.456505501119372
3,95,2,8,7,-6.40062530984976,0.403825387927178
3,95,29,43,15,-3.07122574335726,0.0226947048360519
3,96,3,10,8,-3.28381829463854,2.42138629224034
3,96,26,44,19,-3.53434926499116,-0.34797417630394
3,97,2,10,9,-3.33535781902644,-0.256989184380231
3,97,27,32,6,-2.98752533648271,0.0614387725916039
3,97,37,45,9,-3.82750196825672,0.436295132993601
3,98,2,11,10,-6.28370455824114,0.97537922644956
3,98,26,31,6,-2.86029456757396,2.11108832465195
3,98,37,47,11,-6.47132138162468,0.397944121388366
3,99,2,11,10,-6.36024701362607,0.591482382831933
3,99,27,32,6,-2.29425507059086,1.4567973197839
3,99,37,48,12,-7.33232612370855,0.506891348837393
3,100,5,11,7,-3.72673979205191,1.77988059969566
3,100,34,47,14,-6.11552345538975,0.0962590270896665
3,101,33,47,15,-5.85600060980098,-0.169513858649055
3,102,30,51,22,-5.5249708781746,0.29035815482542
3,103,27,59,33,-5.48074717616367,0.0392332245073929
3,103,80,85,6,-2.20363342583663,-0.0821495329265033
3,104,28,53,26,-6.86656608879639,0.958486829290122
3,104,79,85,7,-2.99273684017665,-0.28758189854738
3,105,28,53,26,-5.38654683821827,1.0901952569941
3,105,78,89,12,-3.22321992674871,-0.738351129414654
3,106,40,54,15,-6.37014035598425,-0.0982242266332519
3,106,77,83,7,-2.93975752656815,-0.426057501853892
3,107,40,55,16,-8.14601687177697,-0.0225119964287557
3,107,61,69,9,-2.34323830223871,1.45960565964284
3,107,76,82,7,-2.36026796400171,1.51221541599741
3,108,38,57,20,-7.97639723788481,0.492637480545044
3,108,60,69,10,-3.98386254146447,1.02465303227245
3,108,77,81,5,-2.16262694281358,1.89901659582246
3,108,86,89,4,-11.1806357788427,-2.14912180600903
3,109,14,24,11,-3.55593116543022,0.474358946657797
3,109,35,70,36,-7.30697105310996,3.25303690267705
3,109,76,81,6,-3.81432293063927,-0.261598091309069
3,110,11,25,15,-6.64310416917978,2.18923102846859
3,110,39,71,33,-9.08614011461878,1.45603563789166
3,110,76,80,5,-5.11646150571086,-0.103517835627198
3,110,85,89,5,-7.24788485735944,-2.18989584199741
3,111,2,5,4,-3.64124189792294,0.691308544777089
3,111,11,25,15,-4.35609691881529,0.984529265834139
3,111,40,72,33,-10.7890206041456,1.95446864340264
3,111,75,80,6,-4.43888056519551,2.72886350583937
3,111,84,89,6,-8.17854735385576,-2.36555085826747
3,112,40,80,41,-9.69338884227206,3.96489805905906
3,112,85,89,5,-5.91116298570525,-3.21889572630369
3,113,22,28,7,-4.98288794657207,2.50603562810499
3,113,40,79,40,-10.4698279926262,-0.307114875685279
3,113,85,89,5,-3.17990487848009,-1.03289070096549
3,114,21,28,8,-5.18788923737916,2.17558678101739
3,114,40,61,22,-11.562419750169,0.647664539579914
3,114,63,79,17,-7.41624336438381,0.215132928870854
3,114,85,89,5,-5.90762101293307,-2.25231946216766
3,115,21,28,8,-6.53695982692207,1.58869070798992
3,115,40,60,21,-9.86843514847216,0.640934267891201
3,115,62,78,17,-7.06375707193965,0.269116125718578
3,115,85,89,5,-4.25353558849148,-1.73684171532514
3,116,22,28,7,-3.09863627605219,2.97135131758051
3,116,41,77,37,-8.51872954366558,-0.455170199411487
3,116,86,89,4,-3.30112061615622,-1.16913782109957
3,117,23,27,5,-3.40495382157737,-0.413206805778724
3,117,39,79,41,-6.94905663724518,0.440391493143539
3,118,38,78,41,-5.63509521909713,1.07675516668376
3,119,8,13,6,-2.47598450985913,0.0316506055480679
3,119,22,33,12,-2.69615349002983,1.25575782457546
3,119,39,47,9,-4.80727012951,0.364112477915027
3,119,50,77,28,-5.2378965461845,0.0621611574327942
3,119,86,89,4,-4.43876616888475,-0.842605056854357
3,120,22,30,9,-3.05228548391166,-0.094517420646238
3,120,39,46,8,-2.77860534008456,-0.0311696603816399
3,120,50,77,28,-3.19086235987872,1.12552011664038
3,121,38,69,32,-3.53045959349813,0.430437838301367
3,122,8,12,5,-3.20664429550255,0.755414919198695
3,122,16,24,9,-3.15093580407406,-0.390831014992751
3,122,35,41,7,-2.5210029345286,1.09001865858308
3,122,44,69,26,-3.81652904277362,1.31409568045552
3,122,78,89,12,-2.52918988358332,-0.125554321773844
3,123,8,12,5,-2.94773010607098,1.1768849599051
3,123,17,21,5,-2.68568748760423,-0.339887433295683
3,123,32,41,10,-5.57134234046058,0.0923310135199877
3,123,45,67,23,-2.75800379080337,-0.207589444033482
3,123,73,89,17,-3.72408575829948,-1.27418954309519
3,124,9,13,5,-4.09097709602788,1.59826869062693
3,124,32,67,36,-3.56441025947927,0.423666365635555
3,124,72,89,18,-4.38426070694773,-1.70921388555215
3,125,9,15,7,-3.98729844479919,-0.352531852407992
3,125,32,37,6,-2.06707509875252,1.75662201057377
3,125,40,67,28,-3.92327368808186,2.20526577799746
3,125,72,89,18,-5.64707790883587,-1.97653888980031
3,126,10,19,10,-3.74622634198231,-0.117208918020581
3,126,40,68,29,-4.27485901337327,-0.303499853347948
3,126,71,89,19,-5.01475253911139,-0.653846509102159
3,127,10,19,10,-4.74646960521995,0.916608482555008
3,127,40,69,30,-5.0753368149749,0.155474979273277
3,127,71,84,14,-4.25530337201236,-0.0122305475293648
3,128,2,19,18,-3.30983331475619,3.94846767600228
3,128,39,82,44,-4.92521297889335,0.102826592840513
3,129,2,17,16,-2.08631432862942,0.0214901944434972
3,129,39,83,45,-4.30449091607385,0.248375472013145
3,130,2,10,9,-4.62413767134556,0.466437881296602
3,130,37,77,41,-5.21407842836215,0.0290574247378391
3,131,2,9,8,-4.901179768875,-0.412206220582697
3,131,37,89,53,-4.83015747863161,0.0844861443139973
3,132,2,7,6,-3.17324793297169,0.268134100911563
3,132,10,18,9,-2.60044088702396,0.0732514598213206
3,132,45,74,30,-8.28809487379214,-0.223699488582159
3,132,78,89,12,-2.12377167715577,-0.380765424478038
3,133,10,19,10,-3.52061601362025,0.784852494705052
3,133,46,72,27,-9.28214613493873,0.26067939265536
3,133,77,89,13,-2.82433808756065,-0.875098089118746
3,134,15,21,7,-2.62219929034625,0.740520035036166
3,134,47,89,43,-5.04018349820963,-0.252051216729765
3,135,14,26,13,-4.21205237251583,4.10056689771864
3,135,48,79,32,-4.13345000587181,0.120192310928166
3,135,84,89,6,-4.08117992747335,-2.14856190059559
3,136,10,25,16,-3.0945576284189,1.02267498168786
3,136,48,89,42,-3.0579854847514,0.0281702107214266
3,137,8,22,15,-2.70882925178339,0.156079381637946
3,137,65,89,25,-4.52001001107733,-0.927849348788872
3,138,7,20,14,-4.13684215980657,1.15588021444611
3,138,66,89,24,-5.29286072785699,-1.21133114069215
3,139,7,20,14,-4.47912231217779,0.848307041980552
3,139,27,42,16,-3.18437879873455,0.112879189238717
3,139,70,89,20,-6.22026438262684,-0.531207518758932
3,140,6,20,15,-4.35378480660604,0.335079855428788
3,140,27,44,18,-4.87045521655968,0.962027250563996
3,140,71,89,19,-5.88337180900037,-2.03551285826194
3,141,7,20,14,-3.7009394699173,0.592230188720641
3,141,26,45,20,-4.98373841766228,1.39045889539234
3,141,70,89,20,-6.32543829158662,-0.565805416114244
3,142,2,21,20,-3.06309166981029,1.21924701267481
3,142,27,43,17,-4.56104542527034,0.0901447061077108
3,142,65,89,25,-4.5443762544343,-0.555095709457195
3,143,2,22,21,-4.32899074010459,0.516394012948759
3,143,29,41,13,-5.09260731025314,-0.311284219557063
3,143,61,89,29,-3.61460944005323,-1.08123226525473
3,144,2,25,24,-3.64763464417906,0.25390720078829
3,144,29,40,12,-4.27654738798955,1.06830765877788
3,144,61,89,29,-5.51463326814838,-1.71345015911148
3,145,2,14,13,-2.57351594234647,0.375168403898293
3,145,16,27,12,-4.36803360111899,0.193807803492297
3,145,30,39,10,-3.59265290953332,1.06956367229118
3,145,61,89,29,-6.50907925923235,-1.20801010818733
3,146,2,27,26,-4.0143614628131,1.15319612784599
3,146,31,38,8,-2.83832301714821,-0.0187167893509481
3,146,60,89,30,-6.61389915828426,-2.31629693107616
3,147,2,27,26,-4.36552758666989,-0.255659425758208
3,147,58,89,32,-7.06361127304265,-0.424450773926988
3,148,2,7,6,-4.48334346495351,-0.167964253143389
3,148,13,28,16,-3.6332374021929,0.907806009966257
3,148,56,77,22,-6.80641036802705,-0.0191683494496613
3,148,80,89,10,-7.46739132607422,-0.741714320357209
3,149,2,6,5,-4.65863379755555,1.32100008606344
3,149,11,30,20,-3.30992093098517,-0.271895817860876
3,149,54,76,23,-6.98360077908629,2.36296476504385
3,149,81,89,9,-5.13881385004684,-1.58990054961909
3,150,2,5,4,-4.67865834246884,1.45469690034081
3,150,10,36,27,-4.33032840701486,0.349249766041533
3,150,53,62,10,-4.17439733077445,0.913789174776228
3,150,65,75,11,-10.5777982594635,1.0020244580365
3,150,81,89,9,-2.51079416872691,-0.186439033229195
3,151,8,36,29,-5.84525525785542,0.0331477664881782
3,151,51,59,9,-4.29974830122327,0.453403295737092
3,151,65,75,11,-10.4697589131645,3.03407852307613
3,152,6,36,31,-7.09499755300401,1.08853502648249
3,152,48,58,11,-5.44575707276398,0.189392323103816
3,152,65,75,11,-7.47248793622054,1.98985588545204
3,152,86,89,4,-6.80884384439288,-1.00073140661864
3,153,5,36,32,-6.34432534449782,3.58325087625016
3,153,42,46,5,-3.67527239325174,0.0207017637382629
3,153,48,61,14,-5.2480047343876,1.58781630780022
3,153,65,75,11,-4.53401975325077,2.83716105671397
3,153,86,89,4,-10.5507303165436,-3.00011047918608
3,154,4,26,23,-8.31251708395217,0.153445194823411
3,154,43,47,5,-3.03268339320673,1.26573039137968
3,154,50,75,26,-4.13444441296283,1.13060511230714
3,154,86,89,4,-8.92747222196517,-2.25775717251993
3,155,2,26,25,-7.7775226159483,2.60898991380195
3,155,43,46,4,-2.80313639237821,0.701000168331257
3,155,53,61,9,-4.94452923125955,0.30963929052467
3,155,86,89,4,-6.95220180297105,-1.4355354471332
3,156,2,24,23,-5.26711282626249,0.23536993041503
3,156,54,60,7,-4.92794275077691,1.66506958566732
3,156,70,81,12,-2.08257273318982,2.13521160595739
3,157,10,23,14,-7.02854017885531,2.43764255874699
3,157,54,61,8,-4.37262688773372,1.02219451911205
3,157,69,74,6,-4.21796413533423,0.673814589402454
3,157,77,82,6,-2.760871516861,2.77207220270913
3,158,11,22,12,-6.44309048608635,2.13885414876144
3,158,30,35,6,-4.36016789639414,1.16731357578612
3,158,39,43,5,-2.39082762583943,1.29115748620393
3,158,54,65,12,-3.96164496401269,0.979966769061704
3,158,69,73,5,-2.08095721547152,0.581112294755297
3,158,77,82,6,-6.24472214017756,0.102560401528423
3,159,11,22,12,-4.75135413945502,1.35251913913479
3,159,26,33,8,-2.19232472531833,-0.260685179802565
3,159,38,43,6,-4.09747552133479,2.50765177135531
3,159,58,67,10,-5.14034006408118,0.289209413143356
3,159,75,82,8,-5.58681031443232,1.82101455132953
3,160,2,5,4,-2.35122699092905,3.52734886198314
3,160,12,22,11,-3.44534817727409,0.27742461077504
3,160,38,42,5,-2.27927841792127,0.308730249963689
3,160,58,82,25,-4.00659601117815,3.38346088831329
3,161,2,5,4,-2.27145320143924,3.01692079652684
3,161,19,26,8,-3.19526930763124,-0.455267544751729
3,161,45,49,5,-2.6798070359428,0.265803447970079
3,161,58,82,25,-3.39852687780385,-0.141342475021493
3,162,19,27,9,-3.48531981140547,2.6377464194656
3,162,46,50,5,-3.08127620132236,3.28338645109657
3,162,58,67,10,-2.85274972951176,-0.156206647029035
3,162,78,85,8,-3.62166786228284,1.50366660262321
3,163,2,5,4,-2.30009919230588,1.49237039423932
3,163,19,26,8,-5.41328017714596,0.482062848199029
3,163,46,51,6,-2.45338323370191,2.09137394654955
3,163,60,66,7,-2.66865277567952,0.133240197994857
3,163,78,85,8,-4.18761390342363,2.41400993133578
3,164,19,26,8,-4.13053666766372,4.004076828794
3,164,62,68,7,-2.460612587103,2.07608565303224
3,164,73,85,13,-2.49521253319697,1.4910715866555
3,165,20,25,6,-3.19669472984249,0.375056404994985
3,165,64,68,5,-2.7881030892967,1.47658541717296
3,165,74,86,13,-2.98712973710071,0.242739608529566
3,166,49,57,9,-3.40747633727849,3.01038311586618
3,166,65,68,4,-2.76055587593074,0.848833169179445
3,166,74,89,16,-2.9513237452315,0.132273495534305
3,167,51,57,7,-6.37283198460808,0.616832852053727
3,167,75,78,4,-2.33957803131396,-0.394254201213283
3,167,82,89,8,-3.71645336640555,-0.83212798309898
3,168,13,31,19,-2.30200381730789,0.34240944999446
3,168,52,58,7,-5.77771360497785,7.87677301897236
3,168,82,89,8,-3.5401399696294,-0.856177079933499
3,169,15,21,7,-3.62978498144173,0.391550064645585
3,169,52,58,7,-4.42779853124125,2.98446130713748
3,169,83,89,7,-2.67566584139526,-1.11980268926684
3,170,54,59,6,-4.12464301624621,1.63259042853771
3,170,62,67,6,-2.38597020020745,1.12921381017458
3,170,72,76,5,-2.76736957949104,0.211605567238306
3,170,86,89,4,-3.42331235699113,-1.76785215456652
3,171,54,67,14,-4.62149414830833,2.62133451986418
3,171,71,77,7,-4.52823609015063,1.86814176553411
3,172,12,16,5,-2.19802844291258,2.3357654626784
3,172,25,35,11,-4.91364808567857,0.865755788369082
3,172,54,66,13,-5.10082072778603,1.43091822369254
3,172,71,78,8,-4.94341279264073,-0.0807641020985993
3,173,11,17,7,-6.38491400692704,3.92477182423011
3,173,21,36,16,-6.72360812829404,0.421993618216301
3,173,55,65,11,-6.17520777423446,0.652908787244216
3,173,72,81,10,-4.78732461338399,0.384551277956975
3,174,11,18,8,-11.2177737952167,1.71856621863157
3,174,20,37,18,-5.86460841477088,0.381134481124962
3,174,56,65,10,-6.50978852859979,2.05437747053757
3,174,71,81,11,-4.14800157832738,1.12645209323768
3,175,10,37,28,-7.33986684750658,0.604214274448325
3,175,57,65,9,-6.77831635293225,1.22767942423957
3,175,71,80,10,-5.23696528495416,-0.104334907870961
3,176,10,34,25,-6.59111132186223,0.0416760326633737
3,176,57,66,10,-5.04387492911125,2.48710590468889
3,176,71,80,10,-4.72685618279387,0.258800838182065
3,177,10,19,10,-7.52086373936149,0.199271762630721
3,177,58,66,9,-3.78552969476252,2.53586892310852
3,177,72,81,10,-2.49263554844151,0.627648431857322
3,178,11,19,9,-3.67629179355998,0.0759716019860498
3,179,2,6,5,-5.42954597982691,-0.311438304018325
3,180,2,17,16,-5.93641863864227,0.0825565450960135
3,181,2,17,16,-8.01693391991748,0.86284727975227
3,181,86,89,4,-7.48953182007866,-1.38612236681924
3,182,2,17,16,-7.31161585687944,0.831660546569456
3,182,86,89,4,-8.64480183517284,-2.94143542142233
3,183,2,17,16,-5.55480237174722,0.760356972018422
3,183,86,89,4,-6.69918833441237,-2.47026648256248
3,184,2,5,4,-5.04949255628719,-0.279150559276926
3,184,8,17,10,-4.71943762154328,0.372500335265042
3,184,85,89,5,-3.57540232050381,-1.35508154545014
3,185,10,18,9,-3.85489328624134,0.193464930709815
3,185,75,79,5,-3.06969413645308,3.01919751134059
3,185,84,89,6,-2.35645121389827,-0.19739906765686
3,186,76,79,4,-2.42065861466179,1.90308960586324
3,190,14,18,5,-4.3467040670984,-0.460866672437589
3,191,33,40,8,-2.16039366755135,-0.252093926031011
3,192,34,41,8,-3.72992741868711,0.845300816253598
3,193,19,26,8,-4.02128453663884,0.415340064413544
3,193,34,42,9,-4.40660276540406,0.182450252886152
3,194,18,24,7,-4.2298145847264,-0.189623394671217
3,194,33,40,8,-2.91708617669878,0.217225738666066
3,195,18,22,5,-3.98788139236837,0.637224733661173
3,195,28,36,9,-4.04581652080396,0.251830186225688
3,195,64,70,7,-4.06194570571505,-0.0279836106683894
3,196,32,36,5,-2.24831427124192,3.62273816857198
3,196,50,54,5,-2.44038851163323,0.217489386174084
3,196,63,72,10,-4.70422014042079,-0.244130394692662
4,1,24,29,6,-2.63167921626351,0.732644591522466
4,2,23,29,7,-5.94333408949628,0.490067023459657
4,3,22,29,8,-6.09258441125726,0.935326684601917
4,4,23,27,5,-3.09890028696112,-0.341374447999095
4,6,8,20,13,-2.08465667986919,0.254908402248829
4,7,7,20,14,-2.05309872498304,0.573459077312706
4,8,7,20,14,-2.14098835455646,0.198608485028095
4,9,7,20,14,-2.11687455304156,-0.257196582491124
4,11,31,36,6,-2.25399101411013,-0.265429990444189
4,12,7,19,13,-2.20379240174815,-0.310819374250338
4,13,7,20,14,-2.2440627087393,0.167543958851815
4,14,8,21,14,-2.60522671370312,1.38154975592001
4,15,8,21,14,-3.13972078275626,0.516489178083828
4,16,9,21,13,-3.69517517930805,-0.218304911431635
4,17,9,21,13,-3.65778846592923,-0.0125417234870199
4,18,8,30,23,-2.65454254956474,0.267434169920354
4,19,6,29,24,-2.76049782556611,0.017411549370969
4,20,6,24,19,-2.89091614989048,-0.370048295790408
4,21,6,21,16,-2.83509527822018,0.293225923971834
4,22,6,11,6,-2.65289014949777,0.196799792898233
4,22,14,21,8,-3.31638553711014,-0.0369160281014252
4,22,82,87,6,-3.03906601300548,0.850876011502808
4,23,6,12,7,-2.34961698505135,0.31658778141722
4,23,14,22,9,-2.73802756504387,0.426702021242581
4,23,58,62,5,-2.09839168216326,-0.392374474724344
4,23,82,87,6,-4.32903697719076,1.01180574043703
4,24,6,25,20,-2.26472531765413,-0.302114180411309
4,24,58,62,5,-2.38421612906096,-0.375209376032509
4,24,81,87,7,-3.94310709529634,1.42192776695445
4,25,2,19,18,-2.70505707491227,0.186274613908751
4,25,47,55,9,-2.54711661655132,0.0436276131091443
4,25,57,62,6,-2.20459263631567,-0.360668852684308
4,25,81,87,7,-3.15992150159118,1.84987124346969
4,26,2,17,16,-3.58804151872703,-0.547602873224208
4,26,23,30,8,-2.64089921558039,0.453634338616261
4,26,42,63,22,-2.42253832119159,1.33329077613719
4,26,81,87,7,-2.76296454952414,1.61520227826432
4,27,2,18,17,-4.00338508452971,1.80015243116552
4,27,23,31,9,-3.2405018486816,0.217376131572493
4,27,41,63,23,-3.79473246231419,0.956308360632093
4,27,82,87,6,-2.86418325231764,0.0860987417269941
4,28,7,18,12,-6.59707143678921,-0.26058859456371
4,28,24,33,10,-4.43606700589856,-0.408381452692608
4,28,41,63,23,-4.19079959557015,1.05913403128412
4,28,84,89,6,-2.65379723415356,0.11896764915151
4,31,8,17,10,-4.28535415065446,1.01764019053459
4,31,24,29,6,-5.29700659555856,-0.187990963180459
4,31,42,56,15,-6.23148380419702,0.329953460184734
4,31,59,63,5,-2.51391400425167,1.72919792549942
4,31,68,73,6,-3.22327551985097,0.375857230953293
4,31,84,90,7,-3.0819809915339,-0.529859004902555
4,32,8,16,9,-3.32324776526698,0.102328982078011
4,32,44,56,13,-4.19854152186881,0.833001751482154
4,32,66,72,7,-4.8209935058938,1.69481896581136
4,32,83,90,8,-2.39834054385905,-0.767171996802854
4,33,7,17,11,-2.61855775449658,-0.244616324276899
4,33,45,56,12,-2.66290790067549,0.218003109765993
4,33,66,71,6,-3.89539432328265,0.881231160155403
4,34,7,22,16,-2.10702182411773,-0.342072444279825
4,34,66,71,6,-2.96924084515715,0.630161373178628
4,35,8,22,15,-2.20392607587345,0.32229051565857
4,35,47,71,25,-2.07509103784556,0.257378700978894
4,36,8,21,14,-2.34948671290402,0.0464775913892143
4,36,77,86,10,-2.17108308413384,1.24085643760147
4,37,8,20,13,-2.38322024009928,0.0506209119672713
4,37,76,85,10,-2.40671534175883,-0.0825004959315253
4,38,8,19,12,-2.99399405187058,0.359228751744532
4,38,76,85,10,-2.1122502235255,0.134281768921399
4,39,7,18,12,-3.43239717826367,0.319231484552379
4,40,7,17,11,-3.65006180482995,-0.340661416787913
4,41,2,17,16,-2.65338675678967,-0.026929114728598
4,42,2,17,16,-2.43693666261042,-0.24033080050558
4,44,6,18,13,-2.04243886146737,0.273329927412362
4,45,6,18,13,-2.31208195370098,0.0754990773118638
4,46,6,18,13,-2.68514276482052,-0.0356890934021755
4,47,6,18,13,-2.62423675679366,-0.194287357210071
4,55,48,63,16,-2.04585325356061,0.545343693050869
4,56,6,10,5,-2.41876157653963,-0.50666602719343
4,56,48,63,16,-2.09921120244248,0.638488779569452
5,1,9,13,5,-2.60767041095778,2.32827669421049
5,1,17,24,8,-6.12885303532298,-0.106941793272347
5,1,33,45,13,-2.12109245622535,0.12806591545347
5,1,60,76,17,-12.506205576886,-0.218879208648225
5,1,86,90,5,-12.4525402828647,-3.81192875333253
5,2,16,34,19,-3.81587757227276,0.0772538683680974
5,2,40,45,6,-2.1255702985623,1.87459466422644
5,2,62,76,15,-10.7446438622585,2.41695668962547
5,2,86,90,5,-11.0366672911363,-3.07821471202177
5,3,15,33,19,-5.3722162328606,0.499490848504712
5,3,40,44,5,-3.19359050076317,1.77617371745771
5,3,63,76,14,-6.48457550655911,0.0494028544867144
5,3,87,90,4,-4.30177973923732,-2.31220897054446
5,4,16,31,16,-5.55365660606256,0.935396511997098
5,4,40,44,5,-2.36071720373437,2.28915922261723
5,4,51,58,8,-2.67657607815136,4.66152992472066
5,5,16,29,14,-2.29530043911559,-0.236066528423109
5,5,50,58,9,-3.41453362810232,1.39314379111202
5,11,86,90,5,-2.17551318235601,-0.774358928515379
5,39,29,35,7,-2.94502117488349,0.152336392971929
5,40,29,41,13,-2.95208322190989,-0.138303076068813
5,40,44,59,16,-2.42086108869802,0.689668376485704
5,41,28,55,28,-4.1221167660361,-0.121100406978694
5,41,73,82,10,-2.34060596063455,1.47730264439553
5,42,28,40,13,-5.42335757297054,0.279507301497966
5,42,43,58,16,-3.86130617526419,-5.16538581341352e-05
5,42,73,82,10,-2.30741594511715,2.3017187146661
5,43,4,10,7,-2.59726987232045,0.42977064692588
5,43,28,39,12,-6.14865530437485,0.157104162955394
5,43,43,58,16,-5.0330459687125,0.280809058202879
5,44,29,39,11,-5.27235763661948,0.163285422600931
5,44,42,59,18,-5.80622721420688,2.22931904204725
5,45,31,38,8,-2.97706614681157,0.683709581570837
5,45,41,58,18,-5.18263523663343,2.55135667461383
5,46,2,9,8,-4.79905458918561,0.0366626819470119
5,46,39,56,18,-4.83184182534638,0.263941276915487
5,46,80,85,6,-3.32247929457882,0.918411780996917
5,47,2,13,12,-4.2814369517428,1.85969449444736
5,47,37,53,17,-5.05633991260898,0.139128996522529
5,47,79,86,8,-3.95628236714337,3.87357621291559
5,48,2,14,13,-3.22687572058526,-0.0593775937377981
5,48,19,28,10,-3.03947483247893,0.167323560893525
5,48,38,51,14,-6.9609918977591,1.06229452266057
5,48,58,66,9,-2.75028745204496,0.312686891739631
5,48,78,86,9,-4.77089603535797,2.44753630744688
5,49,2,7,6,-3.55815280196262,1.14772261354936
5,49,14,29,16,-2.75159535483067,4.68542127880603
5,49,39,52,14,-6.67023369447725,0.80042159319323
5,49,55,66,12,-7.03742561624981,1.77139446252569
5,49,77,90,14,-6.80096425955006,-1.16971779762875
5,50,2,5,4,-2.77952196317049,1.89380715144348
5,50,14,29,16,-4.91960203820179,0.718613359833268
5,50,39,52,14,-6.17699878833289,1.44763811527557
5,50,55,65,11,-8.3556516895147,0.546597571336535
5,50,75,90,16,-6.73506170654451,-1.5435163572809
5,51,13,31,19,-4.91990299554719,5.08329675788483
5,51,40,51,12,-4.38226603228738,0.365196749843704
5,51,55,65,11,-7.19229663060108,1.36939421930152
5,51,72,90,19,-8.59716639936707,-0.798352114832773
5,52,12,30,19,-4.87988215937251,-0.190054576452378
5,52,55,64,10,-6.31303763659786,0.145256930372431
5,52,71,90,20,-8.50141521239199,-0.897429748128156
5,53,11,24,14,-6.03560760118739,1.33331336989345
5,53,54,63,10,-5.7134355987961,0.641525831796608
5,53,70,90,21,-9.1644009153882,-1.6759827806238
5,54,10,24,15,-7.32822638850634,5.33757988942916
5,54,54,62,9,-4.22187468880588,2.25894397643922
5,54,67,85,19,-9.21898221817397,0.176041518007233
5,55,9,23,15,-12.5731595155784,0.436961350226539
5,55,53,60,8,-4.7253097181067,5.258350636389
5,55,67,82,16,-6.86004096521909,-0.0562149770615258
5,56,9,23,15,-11.5671548684223,3.99525298076132
5,56,44,50,7,-2.84899504864542,-0.121219255937188
5,56,53,59,7,-5.56623891387006,1.1800158263126
5,56,68,76,9,-3.98328080216211,-0.424824312000203
5,57,9,23,15,-7.70182793765045,1.5518016854549
5,57,54,62,9,-4.58098286800762,4.24143531923157
5,58,13,22,10,-3.77495130254653,1.76791427605404
5,58,56,63,8,-2.942055616426,2.20775807766609
5,59,14,22,9,-2.21504295340522,1.67447286770596
5,59,58,63,6,-3.04682964643277,0.617220135857559
5,60,18,22,5,-2.78359958015841,0.0989499296791099
5,60,58,63,6,-3.22398477025141,0.16320067114449
5,60,87,90,4,-3.44307582378427,-2.04011181350341
5,61,2,5,4,-5.81729502424968,1.5623059651302
5,62,2,6,5,-4.83890791708747,2.57552908969063
5,62,55,64,10,-3.02067820896417,1.38555029162655
5,63,2,5,4,-2.91598562136457,0.729671870365917
5,63,54,63,10,-3.02947872183041,-0.248258960053752
5,64,18,22,5,-2.49798637319022,1.21716843151637
5,64,53,63,11,-2.22899918317415,0.0457213757277459
5,65,17,21,5,-2.45282307283838,0.349740360797322
5,65,68,73,6,-2.07113211150342,0.304702816659548
5,66,12,21,10,-5.12690556623685,2.516857491035
5,66,86,90,5,-2.49611325937689,-0.695569843134114
5,67,12,22,11,-4.71136673311906,3.7015033938236
5,67,87,90,4,-2.01282864173498,-0.669981281817711
5,91,79,84,6,-3.08078529421599,3.50162675628538
5,92,41,48,8,-2.11894217022538,0.263092600063956
5,92,78,84,7,-4.5687305716458,6.19531998615193
5,93,28,33,6,-3.24159598471247,0.0216332393478281
5,93,41,49,9,-2.440745282847,0.220004883965595
5,94,29,36,8,-3.17164450597349,0.591000921328538
5,94,41,51,11,-3.80115763555522,1.132116750877
5,94,73,84,12,-9.29234006388454,13.1874777272388
5,100,2,13,12,-3.13035519297236,-0.447445095092468
5,100,17,23,7,-4.76432807176385,-0.0662287823124458
5,100,52,66,15,-7.6239907645104,9.78872715811362
5,100,75,83,9,-11.2465827928961,-0.275405278455199
5,100,87,90,4,-3.77945177065192,-2.67398060933835
5,101,2,12,11,-6.88558745972014,1.61606733782427
5,101,17,24,8,-8.85989964828212,2.48157462744999
5,101,52,66,15,-7.58130158729425,10.5564745354875
5,101,74,82,9,-8.6140375035815,4.74500834480044
5,103,2,10,9,-5.62224512025234,-0.220408261342486
5,103,18,24,7,-9.44725542723318,0.218548594213593
5,103,72,80,9,-7.18282590614841,0.420958452900437
5,104,2,24,23,-7.84784839298873,0.65956085494677
5,104,49,56,8,-3.8191388996071,0.342847297113267
5,104,74,80,7,-4.74435310250657,0.791570517224061
5,105,2,29,28,-9.17546670355335,0.436133700105855
5,105,47,57,11,-5.46559430086887,4.05055401194886
5,106,2,24,23,-12.1570884215099,0.884925227841327
5,106,47,58,12,-7.57554071835785,5.56239186133739
5,106,67,72,6,-5.69258626174885,3.30370882397009
5,107,2,23,22,-12.5088296378409,2.70927070577743
5,107,33,38,6,-2.20699915961865,-0.396890954760805
5,107,47,58,12,-10.1525562088595,2.97321515444883
5,107,66,73,8,-8.92525347418906,5.74261222532465
5,108,2,24,23,-11.5715340337679,0.690117892393935
5,108,32,38,7,-4.28864920822625,0.690938106836493
5,108,46,58,13,-8.78091382216024,4.05721431063296
5,108,65,73,9,-9.37285984251348,1.41058803324819
5,109,2,23,22,-9.06750547805987,0.799033530255838
5,109,33,38,6,-3.36732249564649,4.27649537252894
5,109,47,59,13,-7.06781785032068,2.70183467206927
5,109,65,72,8,-7.29152947966145,0.2293732986109
5,110,2,23,22,-6.83027301833977,3.64284641529351
5,110,46,60,15,-6.21890961335656,0.821345197304139
5,110,64,73,10,-5.90489379841689,2.5498407730867
5,111,2,23,22,-6.6034332889769,2.77321997954684
5,111,46,73,28,-6.23718565064955,0.456022491423875
5,112,7,23,17,-5.09691252838003,1.028306780277
5,112,25,33,9,-3.69837393920153,-0.233420016517781
5,112,46,60,15,-9.09150049468737,1.225575010819
5,112,84,88,5,-4.0544358890745,0.262166352830009
5,113,2,23,22,-3.24441105037796,1.61518844486793
5,113,25,33,9,-3.672424713816,-0.434435520608035
5,113,46,68,23,-6.074717615244,0.492132327331023
5,113,84,89,6,-4.39705486761577,0.469419281324017
5,114,2,16,15,-4.29518667196287,0.93262576027586
5,114,25,33,9,-2.80470416480028,0.10293407708527
5,114,46,67,22,-6.86456871184947,0.259161258679631
5,114,84,90,7,-3.3235318478386,4.14606172131747
5,115,2,11,10,-4.97889257293182,-0.0165851651160438
5,115,21,31,11,-2.08359679787214,-0.197680090890007
5,115,47,67,21,-5.64858408789515,0.947830487253695
5,115,84,90,7,-4.85803468982891,-0.926306890219854
5,116,2,11,10,-5.64066774992639,0.521203380480181
5,116,47,62,16,-6.66584392490232,-0.106718111641796
5,116,85,90,6,-7.47763047991333,-2.31175057336266
5,117,2,10,9,-4.82983258697673,0.938854477019281
5,117,48,60,13,-5.83228770392935,0.226382076645697
5,117,80,90,11,-3.90095341629425,0.37640024088884
5,118,2,8,7,-2.75893984417324,1.54429570090438
5,118,49,58,10,-4.26414929557314,1.50762633845899
5,118,80,90,11,-3.78439117119388,-0.68028485615302
5,119,50,57,8,-3.49839996511643,-0.0232256829273167
5,119,79,90,12,-2.50177943515882,0.0244495424932982
5,120,50,57,8,-3.07836036415281,-0.323767845917638
5,121,52,58,7,-2.36367266027686,0.836761336767947
5,122,71,74,4,-2.28230554138286,0.218992223923104
5,129,2,8,7,-2.42931858090893,-0.359229373887245
5,135,2,6,5,-2.15678806552411,0.0442135228966724
5,135,52,58,7,-2.29650653109264,-0.371208298911705
5,135,85,90,6,-3.71653800231723,-0.487683934836601
5,136,79,90,12,-2.757918661693,-1.12794587645388
5,138,22,29,8,-2.39876808137013,0.746587988633536
5,139,2,6,5,-2.68323934080056,-0.147346161034268
5,140,36,57,22,-2.03630694266482,-0.0462357071533108
5,141,38,47,10,-2.23309619338967,-0.187052518800778
5,141,79,84,6,-2.85402149481843,0.334792707672255
5,142,38,46,9,-2.20564875780733,-0.433757314684904
5,143,51,57,7,-2.11533416329061,-0.424253331700187
5,144,2,6,5,-3.2157164901843,0.173873030156537
5,144,51,57,7,-2.10576799457915,-0.214489219535944
5,144,77,83,7,-2.01752562759024,-0.0231824415971206
5,145,2,9,8,-2.37550690043449,-0.154504786395859
5,145,17,22,6,-2.15611895303517,-0.246749252855404
5,145,68,72,5,-2.13114106974534,-0.431445839543828
5,146,2,5,4,-4.0377450039403,-0.122879920533071
5,146,52,57,6,-2.25129568221442,0.245318236804838
5,147,2,5,4,-2.57215053567378,0.480540931105249
5,151,24,31,8,-2.12723668620827,-0.200076265011009
5,151,35,42,8,-2.14226919721357,0.412666136217206
5,152,25,31,7,-2.17389052285936,-0.38275189748163
5,152,35,40,6,-3.47322248951121,-0.347440428029046
5,153,35,43,9,-3.63172583037612,0.137091961628887
5,154,33,53,21,-2.09030306513436,1.20073055666156
5,154,60,70,11,-2.32368022062892,0.0287652427389409
5,155,27,45,19,-2.65680393956649,-0.203702200011052
5,155,59,72,14,-2.6827452210594,-0.26838396358434
5,155,78,90,13,-2.77661880647851,-0.667245023851892
5,156,11,21,11,-3.00428853709467,1.69742413079162
5,156,31,43,13,-4.17026532546632,4.04706298269114e-05
5,156,59,73,15,-2.2471183234967,-0.379926370202958
5,156,78,90,13,-4.16787143268991,-1.18214467575698
5,157,10,20,11,-3.46904489268921,0.508343311974723
5,157,31,41,11,-4.88749974184489,-0.180315395608409
5,157,61,74,14,-3.05814503567294,-0.355332756336132
5,157,79,90,12,-4.16841272435564,-1.43903836524228
5,158,31,44,14,-8.438896910018,0.325843388255588
5,158,64,73,10,-2.13040850120822,0.872598429380755
5,158,79,89,11,-4.26709301406836,0.429603181930021
5,159,31,43,13,-8.76199110405995,3.91068086938589
5,159,54,59,6,-2.6394470690875,0.304263330555887
5,159,78,88,11,-3.84316360846559,-0.642481262844928
5,160,30,42,13,-7.02785445100111,4.71841326494249
5,160,54,59,6,-3.30305312242795,-0.184403561738013
5,160,64,85,22,-2.85205780627431,0.0142889593201263
5,161,31,39,9,-3.08370285562794,0.287179501053267
5,161,53,59,7,-3.4721331241692,-0.164905857918617
5,161,73,85,13,-4.00042662923152,0.789781957058453
5,162,50,60,11,-2.59301273438934,0.809493287100069
5,162,63,66,4,-2.05078919125884,-0.273567475553501
5,162,72,84,13,-3.23109424088532,1.2920431165154
5,163,10,19,10,-2.19508561252102,0.219212221977405
5,163,48,59,12,-3.6933828743266,0.727747473593852
5,163,72,83,12,-2.43415419458199,0.512694078722128
5,164,5,28,24,-4.27126781479315,1.42088960559776
5,164,46,59,14,-5.04359736670334,0.407176750009358
5,164,64,68,5,-2.20196783301259,1.48576519502743
5,164,72,82,11,-2.28217353337414,0.0899421339047317
5,165,2,28,27,-7.02240121244088,0.19949617651978
5,165,45,60,16,-4.19391289560897,4.62778218750726
5,165,64,77,14,-2.70822954535102,0.141253485834343
5,166,2,27,26,-8.90861277695786,-0.399016364091481
5,166,44,50,7,-5.08527927712318,1.6958210356606
5,166,54,59,6,-3.50413232050008,-0.319094005467011
5,167,2,24,23,-9.14393169637749,-0.252924657206905
5,167,44,50,7,-4.76995033776801,1.27357915897061
5,168,2,22,21,-7.62489820188338,0.129386919241716
5,168,43,51,9,-7.76763295940419,0.0626485796799384
5,169,2,22,21,-6.46007793839209,-0.322436975478835
5,169,43,52,10,-7.05495765512134,-0.0163637898833779
5,170,2,22,21,-4.14983029904447,-0.175216296252612
5,170,41,55,15,-3.95903551151754,0.0719997835564949
5,171,2,22,21,-3.06609968731786,0.0310951808799829
5,171,39,55,17,-3.29284614387329,-0.137137703750522
5,172,11,22,12,-2.17491434081033,-0.364749913328478
5,172,39,57,19,-4.05435621600502,0.439847450836677
5,172,78,90,13,-2.4734120715361,-0.896293790882374
5,174,16,23,8,-3.26865840915593,2.64827113279218
5,174,45,59,15,-5.9370563787349,0.440019522507524
5,174,62,70,9,-2.0066999644675,0.0078869916642448
5,175,2,24,23,-3.69532095860006,4.43972989880339
5,175,46,58,13,-5.05188468514705,-0.156615401432324
5,176,7,23,17,-5.66208975490672,0.517735552814173
5,176,47,85,39,-2.63150408566323,0.967912074551087
5,177,13,23,11,-5.08662148697596,4.97258738420225
5,177,47,53,7,-2.63628512665928,0.15824771736577
5,177,62,86,25,-3.06786143046913,-0.156685618390227
5,178,62,88,27,-3.4895062195831,0.551849196023907
5,179,63,72,10,-2.73119646545555,0.92616358102228
5,179,77,88,12,-3.86795159058937,1.23136817652729
5,180,48,53,6,-2.23931173460211,0.502669670817958
5,180,77,84,8,-4.80566567438922,-0.156376970503367
5,181,4,9,6,-2.47876429093451,0.524021637579429
5,181,78,83,6,-3.34391012231154,1.12047739270032
5,182,2,9,8,-4.05768824483592,-0.207538729290376
5,182,78,82,5,-2.58036352094571,0.373802410202855
5,184,2,24,23,-3.77480052646212,0.705930203156225
5,184,27,37,11,-2.405873165225,-0.147173323511459
5,184,85,90,6,-3.13892685186412,-1.40699908458761
5,185,2,8,7,-4.88805423672672,0.328068302929587
5,185,28,37,10,-2.66617449641949,1.41368807205681
5,185,41,49,9,-2.02879448301423,0.200174325505991
5,185,85,90,6,-4.11083221075924,-1.34521826211106
5,186,26,49,24,-3.30722684870419,-0.223466380150652
5,186,76,82,7,-3.54769564995576,0.791538716110634
5,187,2,9,8,-3.27848002044538,-0.221266645627041
5,187,16,24,9,-2.79775553063632,0.619079983496503
5,187,27,50,24,-3.38192982420906,0.429989641278225
5,187,76,82,7,-2.79327730818489,0.903790068817269
5,188,2,9,8,-2.91569805432737,-0.379758939520381
5,188,17,50,34,-3.01600632376654,0.527192686569794
5,188,61,71,11,-2.66908508558819,0.192654733193431
5,188,77,83,7,-2.77767213561113,-0.293931461360089
5,189,2,10,9,-2.8743960866846,-0.0137920092221598
5,189,17,51,35,-3.57366184849692,-0.405538249983629
5,189,57,71,15,-2.72138524378721,-0.524205563951094
5,190,2,10,9,-3.54768684726687,0.216266044284637
5,190,17,53,37,-3.70352077591681,-0.0399850193001366
5,191,2,11,10,-5.0029616739257,1.89958727672738
5,191,16,70,55,-2.39014611827917,0.101422062182513
5,192,2,60,59,-3.87959486458628,-0.392244180205061
5,193,2,76,75,-3.96744996049173,-0.19901193658034
5,194,5,60,56,-5.33694662239841,-0.285645066414099
5,195,9,60,52,-6.05791812887685,-0.0561459383103608
5,196,10,22,13,-3.54215863372633,0.291879841561675
5,196,26,61,36,-7.33708903981272,-0.27526962185061
5,197,8,59,52,-5.89338769818982,-0.1232212
5,198,11,60,50,-4.262025702,0.3661328
5,199,27,60,34,-4.83058238117647,0.959011
5,200,27,35,9,-2.70498942777778,0.05779735
5,200,38,54,17,-7.34781248823529,-0.4269902
5,200,83,90,8,-2.183837375,-1.158802
5,201,18,24,7,-2.04728612857143,0.1234942
5,201,39,59,21,-4.62088144761905,1.139755
5,201,83,90,8,-3.2392472625,-0.6366191
5,202,40,54,15,-4.32491018666667,0.2219862
5,202,71,75,5,-2.04487704,0.8277248
5,202,81,90,10,-3.42897919,-0.236207
5,203,27,36,10,-2.29728489,0.2759267
5,203,40,51,12,-3.18832240166667,-0.08199672
5,203,69,75,7,-4.58881528571429,1.92862
5,203,80,90,11,-4.28428501818182,-0.7048852
5,204,27,36,10,-2.91929116,-0.3055136
5,204,39,51,13,-2.85848560615385,0.03013052
5,204,69,75,7,-3.07463415714286,2.933991
5,204,86,90,5,-7.5137948,-2.874991
5,205,87,90,4,-3.761116,-1.440377
5,206,27,51,25,-2.070613512,1.225748
5,206,72,83,12,-2.357646,1.237934
5,206,87,90,4,-4.519816,-1.523863
5,207,28,51,24,-2.11789275708333,-0.09766967
5,207,72,83,12,-2.527406425,0.2443829
5,208,28,36,9,-2.13548856666667,-0.32369
5,208,39,51,13,-2.01739759230769,-0.1087797
5,208,56,68,13,-2.53987402307692,-0.2035273
5,209,57,72,16,-2.20248450625,-0.2627219
5,210,17,24,8,-2.08256074625,0.06443023
5,210,58,74,17,-2.40260911176471,-0.4150152
5,212,28,48,21,-2.01941952380952,0.1296862
5,212,60,90,31,-2.63849928709677,-0.5012723
5,213,19,48,30,-2.04912677333333,-0.2041105
5,213,58,90,33,-2.17781409393939,-0.4174249
5,214,60,90,31,-2.5029854483871,-0.6204199
5,215,12,52,41,-2.29269560731707,-0.4575445
5,215,58,90,33,-2.76873502121212,-0.9385457
5,216,15,52,38,-2.17719778157895,-0.2277374
5,216,62,90,29,-2.63314653448276,-0.7853115
5,217,16,46,31,-2.26313669483871,-0.09739094
5,217,62,90,29,-2.7729732,-0.7520298
5,218,28,46,19,-2.78858424736842,-0.1625817
5,218,62,90,29,-3.05661954827586,-0.6845399
5,219,27,45,19,-2.58118499473684,-0.223775
5,219,64,90,27,-2.92999511111111,-1.21875
5,220,62,90,29,-2.89517969655172,-0.6685132
5,221,49,90,42,-2.89637994047619,-0.8230645
5,222,8,43,36,-2.44953642222222,0.4434363
5,222,49,90,42,-2.73750509761905,-0.9444471
5,223,6,39,34,-2.27911004705882,-0.16577
5,223,49,90,42,-2.54215283571429,-0.2222027
5,224,6,41,36,-2.36105431111111,-0.2932116
5,224,48,61,14,-3.09535898571429,-0.1717628
5,224,72,90,19,-3.15966566315789,-0.5621686
5,225,18,42,25,-2.130571756,-0.2018731
5,225,47,59,13,-5.15901893076923,-0.1725131
5,225,73,90,18,-2.74770466666667,-1.110711
5,226,17,42,26,-2.35388491923077,-0.3134542
5,226,46,60,15,-5.62275406666667,1.100547
5,226,73,90,18,-3.00112238888889,-1.712659
5,227,8,23,16,-5.465345,-0.175108
5,227,28,43,16,-3.51021161875,0.4248733
5,227,46,54,9,-5.78680295444444,0.01151841
5,227,73,90,18,-3.19005022222222,-1.153824
5,228,4,35,32,-4.6449048875,-0.2497754
5,228,47,58,12,-2.48056600833333,-0.1008214
5,228,74,90,17,-4.02067851176471,-0.5569497
5,229,7,14,8,-5.1141122125,1.696124
5,229,73,90,18,-4.38591846666667,-0.8083624
5,230,8,13,6,-3.79321016666667,0.524082
5,230,77,90,14,-4.64008364285714,-2.184762
5,231,8,15,8,-3.6151111625,2.388601
5,231,21,32,12,-2.75309683333333,1.249648
5,231,70,90,21,-4.40653967619048,-0.3527697
5,232,10,15,6,-2.17188966666667,1.328113
5,232,22,27,6,-2.78106526666667,-0.3083206
5,232,77,90,14,-3.22908120714286,-0.8077159
5,233,79,90,12,-2.87449508333333,-1.664751
5,234,21,44,24,-2.1012020875,0.3245426
5,235,35,60,26,-2.01462667230769,-0.04072778
5,239,73,85,13,-2.48622298461538,0.2528558
5,240,72,85,14,-2.65066793571429,0.4552789
5,241,35,42,8,-2.130161925,0.2099458
5,241,66,85,20,-2.19942781,1.366
5,242,36,42,7,-2.36604842857143,1.205589
5,242,48,56,9,-3.31273729333333,-0.02079944
5,243,46,83,38,-2.06120251026316,-0.07280079
5,245,2,5,4,-3.3235433,-0.5191732
5,247,2,5,4,-2.07749925,0.105641
5,247,62,90,29,-2.35682557931034,-0.5645702
5,256,44,56,13,-4.01705113846154,-0.3415154
5,257,43,57,15,-5.71122766666667,2.691101
5,257,62,71,10,-3.61564095,-0.2050756
5,258,44,52,9,-8.4865464,0.4778174
5,258,53,58,6,-3.49070348333333,0.7588611
5,258,62,72,11,-4.22658016363636,-0.3630636
5,259,9,16,8,-2.67325704625,-0.04497457
5,259,44,58,15,-6.89024985733333,-0.04413686
5,259,63,75,13,-4.42015371538462,-0.2611001
5,260,10,17,8,-4.255638625,1.148852
5,260,45,59,15,-6.13818353333333,0.129337
5,260,62,85,24,-2.60109503333333,0.0899482
5,261,9,18,10,-4.38088762,-0.2858046
5,261,46,59,14,-5.86793485707857,-0.0008819991
5,261,62,87,26,-2.61207624230769,0.4986601
5,262,10,20,11,-2.56992138181818,-0.2677326
5,262,46,90,45,-3.25435766,-0.217848
5,263,46,66,21,-3.33131031428571,0.3124922
5,263,69,90,22,-2.72922342727273,-0.4071952
5,264,26,34,9,-2.77750673333333,0.3040741
5,264,47,65,19,-2.11447481578947,-0.1343352
5,264,68,90,23,-2.51287735652174,-0.5726712
5,265,27,34,8,-2.8712854025,-0.09156822
5,265,47,52,6,-3.34872148333333,-0.3652769
5,266,47,53,7,-2.29176094285714,-0.0262
5,267,28,34,7,-2.30210539142857,0.03281026
5,270,49,58,10,-2.12673951,0.8639467
5,271,48,57,10,-2.357747661,-0.03787961
5,271,63,69,7,-2.60243915714286,0.3616048
5,272,63,69,7,-4.23848517142857,0.4706758
5,273,16,36,21,-2.67074121428571,0.7348517
5,273,63,74,12,-3.46022811416667,0.07566073
5,274,15,33,19,-3.36686911052632,0.161948
5,274,62,73,12,-3.16085583333333,-0.444678
5,275,2,30,29,-3.97024500689655,0.1361835
5,275,62,74,13,-5.19661953846154,1.012776
5,275,81,90,10,-2.53269932,-0.8170777
5,276,8,31,24,-6.45636652083333,2.420168
5,276,41,46,6,-4.1612901,0.7358214
5,276,60,73,14,-8.13623858928571,0.04333095
5,276,80,90,11,-5.41004861818182,-0.4209324
5,277,10,24,15,-7.52571293333333,2.963236
5,277,27,31,5,-2.1700362,2.021841
5,277,39,46,8,-3.7996159625,3.427697
5,277,59,73,15,-13.2839728,2.324224
5,277,80,90,11,-6.90913099090909,-0.4806941
6,1,2,58,57,-8.26318200929825,-0.04110333
6,1,62,73,12,-3.02151373333333,0.9800242
6,2,2,59,58,-8.14557996896552,0.367786
6,2,61,73,13,-2.80769890769231,1.41428
6,3,2,73,72,-7.08004341944444,1.548281
6,4,2,73,72,-7.10141945972222,1.760209
6,5,2,72,71,-7.20748152183099,-0.08587065
6,6,2,58,57,-8.49973495614035,-0.0949085
6,6,61,72,12,-2.69145775833333,0.7038073
6,7,2,58,57,-8.89342357017544,0.1762005
6,7,61,72,12,-2.12639658333333,1.772479
6,8,2,58,57,-9.27425608245614,0.1670203
6,8,66,71,6,-2.8772242735,0.006214359
6,9,2,58,57,-9.54116015964912,0.1816359
6,9,67,71,5,-2.0024458,1.113625
6,10,2,58,57,-9.54162314912281,0.3758945
6,11,2,58,57,-9.3870874877193,0.5672942
6,12,2,58,57,-9.1861645245614,0.3897641
6,13,5,58,54,-9.44068421666667,0.2062653
6,13,83,88,6,-4.0542791,10.91778
6,14,5,58,54,-9.47386620740741,0.323744
6,14,83,88,6,-4.286898,10.0853
6,15,5,58,54,-9.73025742592593,0.425365
6,16,5,58,54,-10.1331561444444,0.1079992
6,17,4,58,55,-10.4516828690909,-0.1696748
6,18,2,58,57,-10.7845176452632,-0.01983738
6,19,2,58,57,-11.3405776491228,1.197943
6,19,80,83,4,-3.37746825,3.85631
6,20,2,57,56,-11.3852827535714,1.226538
6,21,2,56,55,-10.6203385516364,1.405489
6,22,2,25,24,-10.6303029541667,1.125934
6,22,27,56,30,-7.75856435333333,5.827299
6,22,78,83,6,-11.8861861666667,3.238923
6,23,3,24,22,-9.69344770909091,1.666857
6,23,28,43,16,-10.3751336875,1.312051
6,23,49,55,7,-2.38421657142857,2.351362
6,23,77,82,6,-7.12215041666667,0.9997875
6,24,4,24,21,-8.50917503761905,5.235303
6,24,28,43,16,-8.0280601875,3.855728
6,25,4,23,20,-7.51112148,0.2215103
6,25,29,42,14,-6.62393910714286,0.1599085
6,25,73,76,4,-3.0475078,1.754546
6,25,86,90,5,-2.03901268,-0.6005664
6,26,5,23,19,-6.01545553157895,0.8212979
6,26,29,42,14,-4.31609072857143,-0.4099574
6,26,73,77,5,-10.668156,3.662564
6,26,86,90,5,-2.8423224,-1.820954
6,27,5,22,18,-4.33911506666667,-0.4313872
6,27,30,43,14,-2.67439087142857,0.2854117
6,27,58,63,6,-3.88756703333333,0.7447888
6,27,86,90,5,-3.9604802,-3.407403
6,28,6,20,15,-3.29596721733333,0.05585574
6,28,57,65,9,-5.63364183333333,1.482507
6,29,7,19,13,-2.40760803076923,0.4564026
6,29,57,64,8,-6.2946480625,0.2478175
6,30,2,14,13,-2.05766863846154,0.138211
6,30,57,64,8,-4.75182425,2.261226
6,30,73,77,5,-6.5139022,4.914452
6,31,2,12,11,-2.30199831818182,0.5554565
6,31,56,64,9,-3.447892,2.389024
6,31,72,77,6,-2.396615,6.926684
6,32,2,11,10,-2.65592788,0.5232372
6,32,26,32,7,-2.6744004,0.8227312
6,32,56,64,9,-3.13633744444444,1.551854
6,33,2,10,9,-2.92786082222222,-0.4654724
6,33,25,32,8,-3.52864945,0.4655944
6,33,53,64,12,-2.633642,1.098151
6,34,2,10,9,-2.21263471111111,0.4265682
6,34,24,33,10,-3.74194125,1.367004
6,34,51,57,7,-5.83417748571429,0.1676126
6,35,2,5,4,-3.9161667275,0.03135809
6,35,24,35,12,-4.746673825,-0.2055005
6,35,50,57,8,-8.312599375,2.726663
6,35,67,72,6,-3.05970433333333,1.03785
6,36,2,5,4,-3.37332125,2.246084
6,36,23,37,15,-6.31098593333333,0.6901571
6,36,45,57,13,-7.97246539230769,4.682128
6,36,67,72,6,-3.16527163333333,1.141305
6,37,2,5,4,-3.1060559,3.878431
6,37,23,37,15,-10.22335986,0.3412647
6,37,45,57,13,-11.8682739492308,5.918938
6,37,68,72,5,-3.5641694,1.510774
6,38,22,57,36,-7.24014948583333,34.94527
6,38,68,72,5,-2.1111356,4.04141
6,40,14,29,16,-2.9052059175,38.96618
6,40,32,38,7,-7.40741271428571,5.782758
6,40,45,58,14,-13.7586212142857,1.918167
6,40,63,67,5,-2.37896898,0.1021331
6,41,2,5,4,-4.33066235,10.36328
6,41,13,29,17,-3.92215329411765,43.21078
6,41,34,39,6,-5.39593983333333,9.688438
6,41,45,59,15,-11.6261549266667,0.3348281
6,41,61,68,8,-6.979812175,5.758692
6,42,2,5,4,-7.47924425,7.164537
6,42,13,29,17,-6.97396817647059,37.9339
6,42,34,39,6,-8.122462,2.609603
6,42,45,67,23,-9.91240226086956,2.04509
6,42,84,87,4,-2.327865,2.625844
6,43,2,5,4,-10.684254,2.766076
6,43,13,29,17,-7.15128882352941,34.99767
6,43,34,40,7,-9.16780597142857,2.210643
6,43,45,66,22,-7.97981854545455,1.618682
6,43,83,87,5,-4.09149366,0.8674527
6,44,2,6,5,-8.59149652,9.679908
6,44,16,29,14,-13.5455079214286,2.839043
6,44,34,41,8,-9.38091975,1.514076
6,44,46,61,16,-8.7637898125,0.632249
6,45,2,6,5,-11.0197698,6.088841
6,45,16,29,14,-10.8935582142857,2.534821
6,45,34,42,9,-8.26621198888889,1.672622
6,45,47,61,15,-8.88905667333333,0.4322852
6,45,74,79,6,-4.76634603333333,5.653367
6,46,2,6,5,-12.3056024,3.570267
6,46,13,29,17,-6.69099403529412,1.516996
6,46,34,42,9,-7.33392388888889,1.006451
6,46,48,61,14,-8.63857157857143,-0.2471802
6,47,2,6,5,-12.1957262,1.010708
6,47,12,29,18,-4.51856841666667,0.9159459
6,47,35,42,8,-5.4307226,1.653411
6,47,49,60,12,-7.97596213333333,0.2991105
6,47,73,79,7,-11.0068454285714,1.504446
6,48,2,7,6,-8.337778,3.768578
6,48,12,16,5,-6.3399342,2.518825
6,48,21,27,7,-4.16214612857143,0.2116181
6,48,35,41,7,-2.74670201428571,0.9562403
6,48,50,58,9,-7.08431911111111,1.411009
6,48,73,80,8,-9.230778875,1.418631
6,48,87,90,4,-6.42338,-2.899322
6,49,2,8,7,-7.37296571428571,3.475091
6,49,12,15,4,-2.58555225,1.631101
6,49,22,32,11,-2.87253382545455,1.400045
6,49,50,57,8,-5.03896175,2.483391
6,49,73,80,8,-7.73749732375,-0.01642659
6,49,86,90,5,-7.943806,-3.047069
6,50,2,9,8,-9.218374625,3.613313
6,50,22,33,12,-3.11006136666667,2.135925
6,50,51,56,6,-4.58125341666667,0.6428225
6,50,73,79,7,-5.21531148571429,0.6752326
6,50,85,90,6,-7.67118366666667,-2.513619
6,51,2,10,9,-11.3102416555556,5.161052
6,51,22,33,12,-3.80963491666667,1.259387
6,51,51,56,6,-3.08082431666667,1.277785
6,51,68,77,10,-3.04793982,3.620871
6,51,85,90,6,-6.38834183333333,-2.527636
6,52,2,10,9,-12.7529053333333,4.803374
6,52,22,33,12,-4.357324225,0.8412503
6,52,52,56,5,-3.04257346,0.9848817
6,53,2,10,9,-10.9018496666667,4.723945
6,53,22,33,12,-4.6074225,1.051329
6,53,52,56,5,-2.7246753,0.7570495
6,54,2,10,9,-5.99619711111111,5.31691
6,54,22,33,12,-4.65251158333333,1.571741
6,54,52,56,5,-2.24292894,1.321173
6,55,5,10,6,-3.0506305,5.879933
6,55,22,32,11,-5.15141357272727,0.3459477
6,55,70,77,8,-9.386349625,5.521311
6,56,21,32,12,-4.752416225,0.9012057
6,56,71,78,8,-11.033961625,8.412077
6,57,21,31,11,-5.14401613636364,0.2106759
6,57,72,79,8,-12.82957815,7.972941
6,58,21,29,9,-5.62593828888889,0.5245777
6,58,72,80,9,-12.1879029111111,4.185596
6,59,21,28,8,-5.56473203875,-0.03394931
6,59,73,81,9,-8.55676572222222,-0.3396055
6,60,15,36,22,-2.70150981363636,0.3278485
6,60,50,54,5,-2.8741662,3.927574
6,60,77,84,8,-4.84253175,1.748799
6,61,2,5,4,-3.32968375,4.56051
6,61,14,23,10,-3.74000208,-0.1908317
6,61,27,37,11,-3.64334811363636,0.08961275
6,61,49,54,6,-5.9036295,1.637945
6,61,79,84,6,-6.17290431666667,-0.1891859
6,61,87,90,4,-8.3874485,-1.529189
6,62,15,21,7,-8.45731691428571,0.4987826
6,62,27,39,13,-4.49658829230769,0.6731617
6,62,49,55,7,-5.07481801428571,5.088605
6,62,86,90,5,-13.3593776,-4.705967
6,63,15,22,8,-8.3326682475,7.302438
6,63,28,40,13,-5.72035096923077,0.5668574
6,63,49,55,7,-4.47227357142857,1.906221
6,64,16,22,7,-9.57066585714286,7.11565
6,64,28,41,14,-5.36448914285714,3.568438
6,64,50,56,7,-3.2509857,1.424471
6,65,16,22,7,-9.03424028571429,4.210406
6,65,28,41,14,-5.21718521428571,1.62142
6,65,51,58,8,-3.864991525,0.2296038
6,65,72,78,7,-3.88096957142857,5.377303
6,66,16,23,8,-7.33850989375,7.02368
6,66,28,41,14,-4.88689283571429,1.090388
6,66,51,61,11,-4.94078857272727,0.1422297
6,66,70,78,9,-7.32592922222222,3.555649
6,67,16,23,8,-9.365592625,3.356547
6,67,29,42,14,-4.61834756428571,5.815702
6,67,51,62,12,-6.42170941666667,0.866277
6,67,69,78,10,-7.81359719,3.413197
6,68,15,23,9,-10.8965422888889,1.455495
6,68,29,42,14,-5.10119278571429,5.452894
6,68,50,63,14,-6.23646897142857,3.737084
6,68,69,78,10,-6.52443669,4.435026
6,69,15,24,10,-10.53678131,11.56868
6,69,29,42,14,-5.82595164285714,5.554239
6,69,49,63,15,-6.68750606666667,1.090431
6,69,69,77,9,-5.40212177777778,2.376023
