"cellIndex","windowIndex","frameIndex","termination","Duration","avgSpeed","maxSpeed"
1,1,6,23,18,6.14793745566747,8.84484444098826
1,1,26,34,9,7.09090706032252,13.0436437981913
1,1,63,77,15,6.76989087402283,14.4040639785392
1,2,4,10,7,5.17975101724445,10.262925025571
1,2,14,34,21,5.20119517642303,9.71243309408596
1,2,47,56,10,3.86291294458146,5.81678961621745
1,2,65,76,12,11.2040984671206,22.4032261824596
1,3,4,10,7,3.9961362659863,7.79928657265128
1,3,14,35,22,4.92701150149096,8.15758999764036
1,3,38,44,7,3.35613757116706,7.01682578589622
1,3,47,57,11,3.53733223032243,6.07293103118328
1,3,67,75,9,10.743027111373,20.1923488326075
1,4,2,11,10,3.1875800774846,6.10273205772558
1,4,14,59,46,4.12917471646262,8.34526949966281
1,4,69,77,9,9.2733657747843,18.2890039290754
1,5,2,62,61,4.12787023919671,8.91024081627007
1,5,69,80,12,8.88536883987931,17.9990711591212
1,5,83,88,6,2.08044292874995,5.03205481019099
1,6,2,28,27,3.4334509317633,9.10296520944795
1,6,30,66,37,4.52815367920909,8.07394991540079
1,6,70,89,20,5.60452224020628,12.4682824306366
1,7,2,27,26,3.453171062925,8.28966405406636
1,7,31,67,37,3.98549866370053,11.8198761971569
1,7,70,89,20,4.46197824347452,6.4288613949642
1,8,2,27,26,3.21723179048073,8.17466887050447
1,8,30,60,31,4.14052518785943,11.5094724749938
1,8,71,89,19,3.31388131962059,8.4746986004268
1,9,2,69,68,3.02248108642457,9.70688453281228
1,9,72,89,18,3.1918513173718,7.96795309333497
1,10,2,58,57,2.98372794865758,8.50729975492442
1,10,62,89,28,2.4069909916372,6.18201883436129
1,11,2,28,27,3.29720139481901,7.41009517537685
1,11,32,57,26,2.66357736882685,7.13766058229275
1,11,62,89,28,2.58775553876862,7.56892528393228
1,12,2,28,27,3.30242062210685,8.07526150714948
1,12,32,58,27,2.28428157358113,5.84980405683031
1,12,62,89,28,2.39563871099432,7.90771393537331
1,13,2,28,27,3.31354397803643,8.34870783997811
1,13,31,58,28,2.19981685681701,5.31154689385753
1,13,61,89,29,2.32832224945491,7.32473867556467
1,14,2,27,26,3.93099262333259,8.06094607383001
1,14,32,89,58,2.22313314597456,5.31124467704463
1,15,2,27,26,3.57970384996615,6.51394189554396
1,15,31,89,59,2.18167454129745,5.75651093621055
1,16,2,27,26,3.27693976576613,5.62529647244921
1,16,61,89,29,2.52629509727868,6.61294503959014
1,17,2,27,26,3.01846294587643,5.2055688724706
1,17,61,89,29,2.44090925702995,5.78388505917296
1,18,2,27,26,2.80641083600606,4.92574750287316
1,18,62,89,28,2.37999574330307,5.05813856129626
1,19,2,26,25,2.81651361621863,4.97418873330407
1,19,62,89,28,2.47026611540284,5.68417700736341
1,20,2,26,25,2.86895732090763,5.26130885283939
1,21,2,26,25,2.58866187698206,4.60978414086496
1,22,2,26,25,2.48461633295736,4.21047704370939
1,23,2,26,25,2.25254531786399,4.26166020765625
1,24,2,26,25,2.26865997764793,4.44053126484815
1,24,46,58,13,2.07001702740037,5.05266965213368
1,24,62,89,28,2.31449948078556,4.0418707511858
1,25,2,26,25,2.11222323712669,3.54092113371041
1,25,46,58,13,2.03699098623501,4.89780956760759
1,25,62,89,28,2.22654606152159,4.043446157277
1,26,2,26,25,2.03541018537888,3.76025072756972
1,27,2,26,25,2.03929677044506,4.45302546850879
1,30,48,57,10,2.16402882884718,4.79617794405513
1,38,48,57,10,2.27467099799747,5.01169875618988
1,41,49,57,9,2.03651983169996,4.44276803840088
1,44,48,57,10,2.10322646079131,4.90092199357607
1,45,49,57,9,2.33802356683145,4.98448327003413
1,46,48,57,10,2.29384357757401,4.75358224597049
1,47,48,58,11,2.08476009936664,4.74562830098417
1,48,47,57,11,2.45381393486187,5.17105025001484
1,49,47,57,11,2.60129039793439,5.19365408256712
1,50,47,58,12,2.09126049782635,4.71347802800579
1,51,48,57,10,2.58114789940704,5.32291825255971
1,51,72,87,16,2.40053164921596,4.84837445700147
1,52,18,25,8,2.31965489162205,4.64218696060021
1,52,48,57,10,2.70663585784885,5.12914298369761
1,53,47,57,11,2.54447107920322,4.87033894752148
1,54,48,57,10,2.19217400939792,4.53904749353445
1,56,2,5,4,3.29144902448793,8.7621395389729
1,57,2,6,5,4.67091045251712,10.7533041248514
1,57,24,31,8,2.12407701676363,4.57023846478723
1,61,24,31,8,2.4538979886116,4.70870594699859
1,62,24,32,9,2.22846086441992,4.71344380121317
1,64,24,31,8,2.32076156228291,4.43132673203336
1,73,86,89,4,2.27450857146219,4.56253864251616
1,83,23,35,13,2.397536130915,5.56162331826453
1,84,22,34,13,2.01850102081046,5.4523055109574
1,93,2,15,14,2.36566677564488,4.4575438223604
1,94,2,15,14,2.13082373230623,4.11815697603506
1,95,2,15,14,2.07352206606501,4.03510321162708
1,96,2,16,15,2.31265638407079,4.40318079083477
1,97,2,17,16,2.19149508925368,4.58767227871423
1,98,2,17,16,2.00764784902833,5.00098627845393
1,98,23,63,41,2.04967026716115,6.18477358112144
1,99,2,15,14,2.60154725856587,6.01202633707464
1,99,22,63,42,2.26110671783533,6.66192606888152
1,100,2,15,14,3.29157630656932,6.45908508910794
1,101,2,14,13,4.38468565549531,8.79298003675119
1,102,2,13,12,4.16694489667064,9.58635136343885
1,103,2,13,12,3.26108901507984,7.51763423008129
1,103,20,64,45,2.14878489398416,6.5895261547173
1,104,2,15,14,3.07306671376439,6.43137918650046
1,105,2,55,54,2.53615748518711,6.76323664572653
1,106,2,56,55,2.88382638466692,6.30938330785654
1,106,63,76,14,2.08789337080592,4.36435408604048
1,107,2,63,62,2.37361773641083,6.8192662343248
1,108,4,63,60,2.38621070531812,6.49176296523971
1,109,20,89,70,2.14336786511237,7.85807627257247
1,110,19,64,46,2.89509853140272,11.4986689886374
1,111,19,46,28,3.88603139933184,15.6565534587911
1,111,50,63,14,2.32846283756259,5.86339912592425
1,112,19,38,20,5.27041701980284,16.7658410607469
1,112,51,62,12,3.03625813094873,6.90797319008706
1,112,78,89,12,2.26876437361173,3.45578926398018
1,113,2,38,37,3.98193132595144,13.7006242646037
1,113,51,61,11,2.73864934455248,7.86468306425539
1,113,79,89,11,2.52366699476181,4.12883113579527
1,114,2,38,37,4.73367239983281,16.0393486819926
1,114,51,57,7,2.3369358315945,5.69537138081899
1,114,80,89,10,3.36038733682153,5.31419271666523
1,115,7,28,22,6.49297051639748,21.0778969117281
1,115,30,37,8,6.66431130218585,14.3895344183778
1,115,78,89,12,4.10182713654901,6.86956132035797
1,116,8,35,28,7.41362528829339,23.0668222790432
1,116,78,89,12,6.88490808538466,11.3331228071373
1,117,8,34,27,7.65093512698028,21.3803460426515
1,117,78,89,12,10.1124174783729,17.3189430957143
1,118,7,21,15,9.25370505538793,16.2955987064096
1,118,25,33,9,4.20979257266905,9.80651198344909
1,118,78,89,12,10.7460556104962,19.3616042145744
1,119,2,20,19,7.56055422964485,15.5458188644693
1,119,25,32,8,2.85385644163079,4.81443475643231
1,119,77,87,11,8.29260119501739,15.8427815746505
1,120,2,19,18,10.3673250287727,17.0571612755144
1,120,23,31,9,3.31638477145873,6.5574130923003
1,120,75,83,9,6.08520405261711,12.9908875599643
1,121,2,18,17,10.3228295027023,19.548747097984
1,121,21,30,10,3.48988870842893,7.00555483082473
1,121,41,45,5,3.00465716109266,5.86233114561451
1,121,73,81,9,3.72078794326448,8.94106147135324
1,122,2,30,29,6.35367453670623,14.0801287145757
1,122,70,80,11,2.80251559225066,5.70966206258202
1,123,2,5,4,2.76230182726626,8.26176433993868
1,123,9,34,26,2.96486356990862,8.42406822042958
1,123,70,78,9,2.88248572227188,5.4516427441981
1,124,14,34,21,2.41052942230307,4.52446649085711
1,125,2,9,8,4.97030597068464,10.9065815646374
1,126,2,10,9,7.62882089458079,11.6043695026651
1,127,2,10,9,6.7820789282638,12.8552639322695
1,127,49,55,7,4.01927384466828,7.10849083611451
1,128,4,11,8,4.02543110977032,9.55010457693599
1,128,25,31,7,2.46936795685642,4.42660778789699
1,128,48,64,17,3.64224530153394,7.96966973622176
1,129,5,11,7,2.47395489983681,6.34643801913503
1,129,49,66,18,2.78343080589658,6.24808710993282
1,134,51,63,13,2.91273514173333,5.79942489907318
1,135,47,70,24,2.07627618951812,5.57503630382572
1,137,86,89,4,2.04623849510973,3.45007548792046
1,138,2,7,6,3.97777665930123,7.51600627397264
1,138,25,36,12,2.08530163465219,3.85862915078992
1,139,2,8,7,6.72622846353704,14.7567537517458
1,139,25,35,11,2.47608643618718,3.58906908730334
1,140,2,9,8,8.08976495485616,20.0514989849284
1,141,2,9,8,8.16039515096727,20.5166886102192
1,141,39,47,9,2.29357516060224,5.67272939675844
1,142,2,10,9,4.95712308145472,11.9413690694938
1,142,39,47,9,2.32086688865994,5.98766024106065
1,142,51,64,14,3.27557645941769,10.4964862766683
1,142,86,89,4,2.26974911871831,3.69751403405312
1,143,2,11,10,3.0732304527369,5.70107143357083
1,143,51,63,13,5.91773410468626,15.8604000473028
1,144,2,11,10,4.05925456982923,6.91071917604152
1,144,51,63,13,6.64105615586783,18.1318824891043
1,145,2,10,9,7.19864142205736,11.8169981010346
1,145,51,63,13,5.71067013863365,15.1977554969264
2,1,45,89,45,2.46759745201866,7.70721016784095
2,6,41,84,44,2.28970796295305,5.09459183336207
2,7,39,85,47,2.53253767626754,5.5935326626026
2,8,39,84,46,2.4512878337575,4.99937598446361
2,9,40,83,44,3.06182117917345,6.4523006931359
2,10,41,82,42,3.87677110680215,7.30842237015783
2,11,43,83,41,4.4910850622262,8.63286657721457
2,12,38,83,46,4.51780174436373,9.75715050014378
2,13,38,82,45,4.99774799134404,10.3367792430087
2,14,38,80,43,5.97968746036414,12.5436864384981
2,15,38,78,41,7.68670503900835,18.15520551869
2,16,43,77,35,9.68228325056383,21.069517267016
2,17,43,76,34,11.0104366720782,29.4220248530609
2,17,83,87,5,2.87939440156084,8.40397849898408
2,18,38,63,26,7.79867805437462,32.8704073288373
2,18,67,75,9,12.9192118097983,25.5666673086226
2,18,82,87,6,7.39579296655833,14.3724616862868
2,19,38,61,24,7.61116176984287,29.4739822900013
2,19,67,75,9,10.2970568306005,22.7149758428464
2,19,83,89,7,7.31310740065495,16.1991411852048
2,20,38,60,23,8.57851421067405,32.8097555155096
2,20,65,79,15,8.30406865935606,25.2776228212759
2,20,84,89,6,10.7937252115269,17.5647816274767
2,21,17,22,6,7.70507071605167,14.8538175035526
2,21,40,58,19,9.1166111943152,34.0166951499166
2,21,64,79,16,7.21657016734226,22.8348838435095
2,21,85,89,5,14.8074395021371,21.3807592729469
2,22,17,23,7,8.57500445945592,17.5917411838174
2,22,41,57,17,9.309933959297,34.4959907818967
2,22,63,78,16,5.26790338795902,23.8560144182793
2,22,85,89,5,19.0239212159019,27.0149138683008
2,23,17,23,7,12.8378489308944,26.2121484007501
2,23,41,56,16,8.97659015208703,30.149895564966
2,23,62,65,4,6.82901784740887,20.6520396949365
2,23,84,89,6,16.9294161518638,27.716218630386
2,24,15,22,8,9.32922156752252,20.43876883827
2,24,32,56,25,8.91812911320759,32.076037245087
2,24,67,72,6,3.15204880632754,6.6670096307945
2,24,84,89,6,15.9919025501235,26.847868709515
2,25,14,20,7,4.34880482689778,10.5115066403021
2,25,33,55,23,13.5991268205191,29.4426916413852
2,26,15,20,6,2.06172653996585,5.72668687583324
2,26,35,41,7,11.2595848876194,32.9248006824359
2,26,44,51,8,14.7294664215052,29.1801798703119
2,26,81,87,7,17.2127520072693,37.4823078949775
2,27,16,21,6,3.74424161532389,7.28591416850965
2,27,37,41,5,17.017838103242,38.3245919605048
2,27,45,50,6,18.7287426352243,28.9085446957807
2,27,81,88,8,11.8993362146788,37.6365637864644
2,28,16,21,6,5.59103078443871,11.0138812078993
2,28,45,50,6,23.3448560572759,34.94533288951
2,29,17,21,5,3.5983377717025,7.3625357938805
2,29,68,74,7,14.4187533268765,26.0979077919878
2,30,35,41,7,12.5262442603094,41.4114785820569
2,30,69,74,6,16.2523848250418,23.9225234085345
2,31,33,40,8,17.4444642372177,30.6874772190192
2,32,32,38,7,17.1951822138479,30.7402050531929
2,33,31,38,8,13.7913440614365,31.3712367714366
2,34,32,38,7,9.59756737972975,30.0221558642775
2,35,3,9,7,5.54236119294732,8.78535021045699
2,35,32,35,4,12.7768604412599,28.9257731357946
2,35,50,54,5,20.0053554500362,38.1610675338688
2,36,2,10,9,11.9049971396174,19.9528352916256
2,36,18,23,6,6.90438266962255,14.6060418002947
2,36,32,35,4,13.3013833713825,30.4381448391726
2,36,46,55,10,12.8371246675806,31.9728384451886
2,37,2,10,9,8.30849669012986,18.6839824992438
2,37,18,22,5,8.91241493475274,16.8044372542551
2,37,29,36,8,8.6071756878401,31.0390652976247
2,37,39,42,4,7.84032215932477,25.1371017614864
2,37,45,55,11,13.3883666751039,28.8301783879088
2,38,2,6,5,7.54503298102717,13.4274175588769
2,38,17,22,6,15.111483372715,26.5448018995116
2,38,29,40,12,8.52127173738092,22.0615806699737
2,38,54,66,13,16.1632020085987,28.5833443134574
2,39,2,6,5,3.19420342601808,7.36732441583878
2,39,28,40,13,4.30541613151932,14.1906962463969
2,39,55,69,15,6.78111578858068,11.5688210742333
2,40,13,19,7,3.13185088697697,8.07371104417706
2,40,35,41,7,5.03330266631151,13.3077874309452
2,40,56,68,13,9.34796804862376,14.2135992878493
2,41,10,18,9,4.36287366627203,10.2038983542744
2,41,36,41,6,12.7551451277147,19.9071905035739
2,41,57,69,13,12.45404746604,20.600172396773
2,41,78,81,4,2.33135771881939,6.76685752500911
2,41,86,89,4,23.0942983989011,33.381467726339
2,42,8,17,10,4.93345702708551,8.74042309645449
2,42,36,43,8,13.8215240133774,25.4713175941487
2,42,45,49,5,16.6006760133988,27.4502648100304
2,42,58,69,12,15.5962268876786,28.4163424015458
2,42,85,89,5,13.9991362956057,22.9048920226931
2,43,9,16,8,3.85057244078067,8.65787571533468
2,43,36,50,15,12.854245740399,27.3311153299626
2,43,57,66,10,18.9229657413092,33.6966437865762
2,43,85,89,5,4.74174876612191,7.55019937384541
2,44,9,13,5,2.52690999130108,4.96550896182044
2,44,36,47,12,16.6132281537686,30.2615242663566
2,44,58,66,9,17.8536376361056,33.925741257238
2,45,36,40,5,15.6287922103129,33.248300348101
2,45,58,69,12,17.6465594494726,27.9957927304568
2,46,6,12,7,3.61077140781017,8.11491664532602
2,46,36,40,5,17.5677305416276,40.3680532472141
2,46,59,70,12,15.8506297892832,26.7887921673128
2,47,36,40,5,16.4011825018079,40.0435452161975
2,47,60,70,11,16.0828233637777,25.2914049392139
2,48,35,39,5,12.2126425097375,32.7378512216012
2,48,61,71,11,18.418959498435,27.7373077788648
2,49,34,39,6,10.3360524482045,30.6156352503536
2,50,31,42,12,10.8964148965716,33.4653304560974
2,51,30,44,15,8.69921178030881,35.5906322427538
2,52,2,9,8,8.13334259457517,14.494273234178
2,52,16,20,5,2.45217553292255,7.87405556760369
2,52,30,45,16,8.53507389096295,36.9878881008162
2,53,2,9,8,15.6974361187761,28.8351194351539
2,53,15,19,5,11.6299560045479,17.5920395526402
2,53,30,50,21,8.54298653422611,35.8773392799269
2,53,68,72,5,12.3780496550156,27.1719076108821
2,54,14,20,7,12.4621714252039,25.1817300935948
2,54,26,34,9,2.27952869444297,5.12722877713988
2,54,39,50,12,12.5999055296959,31.2304098870567
2,54,52,56,5,2.82653998012349,8.28742179169323
2,54,67,72,6,11.2928931188904,28.5422168921067
2,55,14,20,7,14.709800635515,27.0164667766679
2,55,26,33,8,6.56330695656859,11.9540203076543
2,55,39,56,18,10.5914089630123,30.3657713052557
2,55,61,79,19,8.25863266313761,24.1880930959921
2,56,13,19,7,9.67692311400782,19.9005559495929
2,56,27,34,8,7.65293684903298,16.3150998756303
2,56,40,55,16,11.7886543024811,31.3885070830618
2,56,62,70,9,4.90206526734176,9.46543123560161
2,57,13,18,6,8.00717471827161,14.725858104144
2,57,28,34,7,8.25134525926731,15.7467357099578
2,57,41,54,14,9.96790789660832,26.2724601462131
2,57,73,89,17,2.39044739898737,6.07286570265824
2,58,12,18,7,8.76190993884189,16.3828316884004
2,58,29,34,6,7.8303539526089,14.4762824860987
2,58,41,53,13,10.0804726158633,22.5144691154798
2,58,73,89,17,4.9860405903627,14.0097386874622
2,59,11,17,7,12.2744833175335,21.6642058207905
2,59,30,35,6,3.47862422676229,11.246789701573
2,59,41,56,16,8.88845071750209,23.5767789656174
2,59,75,89,15,8.766103894688,20.5549875409948
2,60,2,6,5,18.6607689402705,36.222458243218
2,60,10,16,7,12.9226709080488,22.2725779430909
2,60,31,35,5,3.61653363962458,8.38463333968562
2,60,42,62,21,9.01886623939088,26.4651291707143
2,60,75,89,15,11.7750803717198,22.5981040150135
2,61,2,6,5,15.8679949065089,33.0602173334984
2,61,10,16,7,9.25492329217807,16.9455244000642
2,61,32,35,4,2.19306205549631,5.10448140194816
2,61,43,52,10,10.7613109385742,21.1984254914842
2,61,55,62,8,5.30287596500678,9.31697559567239
2,61,75,87,13,9.31661982752735,18.2697886632429
2,62,2,6,5,15.3778127933569,31.4360107619506
2,62,10,19,10,5.84576277528351,13.0174299461569
2,62,43,52,10,8.59831212822765,17.6585026876869
2,62,69,86,18,2.38712149462733,9.61066413383613
2,63,10,24,15,6.99560624661058,14.7212817562963
2,63,44,53,10,8.2112580052092,16.9294499324673
2,63,82,87,6,2.33320692769992,6.38570162382255
2,64,2,8,7,15.5608064157814,33.9857925765614
2,64,10,24,15,5.76605242095147,12.6779406017901
2,64,35,38,4,3.60693703458837,6.38709699375908
2,64,45,53,9,8.50061862111458,14.6051841245248
2,64,73,89,17,4.87382155447414,11.2418233331663
2,65,5,17,13,8.4941572331561,21.9070512959989
2,65,20,24,5,2.75144048373436,8.57119011352747
2,65,35,40,6,4.72461883806232,10.9719369354385
2,65,45,53,9,5.44463769483805,9.7601749492446
2,65,72,89,18,9.55396287779163,21.5016443315399
2,66,5,23,19,8.85272319906788,20.3738634701451
2,66,35,41,7,7.18465615904213,14.3987094794149
2,66,44,51,8,3.29522038624102,7.33489493855814
2,66,71,89,19,11.7605285143136,23.0809560341598
2,67,2,7,6,16.4266748081295,36.1500552307544
2,67,10,22,13,12.7283185471209,27.2703281921869
2,67,35,50,16,5.82988586305262,14.3325736528646
2,67,69,89,21,12.2344150228231,20.8265123382617
2,68,2,6,5,8.21225192940593,20.3511763021993
2,68,10,21,12,16.1899855386242,31.9679907186935
2,68,43,49,7,4.07655808121408,8.66906852518096
2,68,68,89,22,13.3751745396265,24.4631777224427
2,69,10,22,13,16.0860327196514,32.0149537274137
2,69,67,89,23,15.7709875778221,30.428986081916
2,70,10,14,5,15.7959317836923,34.9964969574936
2,70,67,89,23,17.1419937449343,30.580775694964
2,71,10,14,5,14.9668996620095,35.9854038730425
2,71,18,22,5,9.91640109248717,25.4788942336896
2,71,55,61,7,2.14767571974669,4.34571758618047
2,71,67,89,23,14.2969140853069,28.6621462517023
2,72,8,14,7,9.71726636065734,31.0198049080679
2,72,17,24,8,12.5691671414646,28.6405836157625
2,72,49,63,15,2.21575875669833,6.43831375448262
2,72,68,88,21,12.0128384413973,24.8515133583723
2,73,2,24,23,10.4300567264302,27.0662227903369
2,73,43,47,5,3.22900854950486,7.09755320643965
2,73,53,62,10,2.56288751710281,5.78233028873233
2,73,74,87,14,13.673048055512,24.6741844100448
2,74,2,23,22,11.3810429072387,22.5934921039832
2,74,43,47,5,4.51245736024099,9.10523791707016
2,74,51,62,12,2.86924723628282,6.5008384331487
2,74,75,89,15,11.3233223774899,22.3201396014697
2,75,5,22,18,14.9362488209286,27.9229361847342
2,75,38,47,10,3.25273289768203,7.23373238694457
2,75,75,89,15,10.8665513199203,17.5490684915324
2,76,6,9,4,19.2545821646682,33.5538754568391
2,76,13,21,9,10.8025241662082,21.2378280133254
2,76,37,45,9,10.779668805203,23.6129458069709
2,76,75,89,15,10.8345637356071,18.2244090597452
2,77,13,22,10,10.5140448638792,24.6206971904091
2,77,28,31,4,2.14802202107758,7.41797598078934
2,77,37,44,8,12.1082582890788,25.8171589816399
2,77,70,79,10,2.63636921498899,8.23092163491603
2,77,83,89,7,12.8178312181619,17.8108082907515
2,78,12,15,4,10.2457017884339,27.2235354458455
2,78,17,22,6,12.0890039114509,21.6486871339459
2,78,38,43,6,6.48971530382278,13.838708151292
2,78,70,79,10,8.85853806404613,19.4454452364931
2,78,82,89,8,10.0392539853135,16.279943193118
2,79,25,31,7,12.0133187925714,25.314404000892
2,79,47,55,9,3.75162176838977,6.88711425095534
2,79,68,78,11,10.8299877513759,23.1574965955696
2,79,82,89,8,18.1219608838299,26.5307924072913
2,80,26,31,6,7.56549396952422,13.731212012796
2,80,46,52,7,4.85575614545296,10.5759622058744
2,80,65,77,13,13.2818567671397,21.2799227034322
2,80,81,85,5,21.6621449514526,33.9233070806832
2,81,11,14,4,8.31665033142386,23.712447411202
2,81,27,36,10,5.88463709694627,13.0909568735013
2,81,54,60,7,3.43469984512671,7.17347921456697
2,81,64,77,14,18.145879414177,33.1642481238213
2,81,79,82,4,21.1747605145077,34.5228569543705
2,82,6,12,7,14.3708737663469,27.3211360457481
2,82,28,39,12,8.29965242091549,13.4094317633523
2,82,55,68,14,10.3621394269969,34.1043349277392
2,83,5,11,7,11.7722874306074,21.3741660947641
2,83,17,24,8,13.7261567012538,29.1688631111464
2,83,27,40,14,8.27404931275709,19.905387973486
2,83,55,67,13,7.49389219010188,33.2534058241788
2,83,73,86,14,12.224277236661,29.4822054619899
2,84,5,11,7,10.7572656345261,19.7207494504387
2,84,18,41,24,10.5570424150174,27.2287413128379
2,84,51,56,6,5.63814229352067,10.0404405468626
2,84,71,75,5,11.2509066336253,26.6188474967231
2,85,5,11,7,6.65507101768157,15.0209296001627
2,85,19,30,12,4.09780641429077,8.64229673179575
2,85,32,42,11,8.83834967379784,20.3201757126831
2,85,50,57,8,8.12362252971028,16.7525406362787
2,85,63,66,4,17.9386352519165,37.8394253039881
2,85,70,73,4,11.7880571633497,27.191654337381
2,85,77,81,5,2.93428194111208,5.93928177355017
2,86,4,10,7,5.87862164015767,11.7194656773795
2,86,46,57,12,2.98642103815928,9.78889644304355
2,86,63,72,10,15.4652307927685,30.9563679210836
2,86,75,81,7,2.35181302603623,4.72349464099161
2,87,4,11,8,4.98269356696343,11.1443616105038
2,87,27,32,6,5.08701321476,9.69341932952474
2,87,63,71,9,4.81923906405961,9.66358872355829
2,87,73,82,10,6.00126061793945,12.4278357299687
2,88,5,12,8,6.41462770451836,11.5276971494122
2,88,27,32,6,9.87821065998137,17.1836252981006
2,88,74,82,9,10.4287620399917,19.1203667731658
2,89,7,14,8,7.9313568499311,14.0032670626457
2,89,27,33,7,12.5260180709455,24.8842744492831
2,89,62,66,5,4.9087710508944,10.5723908724897
2,89,73,81,9,4.52216220398259,10.4063173775277
2,90,7,14,8,9.87979747605148,16.9483950056323
2,90,27,33,7,15.45775798365,26.4767110155106
2,90,62,66,5,7.42211962777224,14.0407072914473
2,90,72,79,8,5.60767098982084,9.71863863635716
2,91,7,14,8,8.9916377284757,16.3719735032145
2,91,27,35,9,9.66817490374742,21.3083441485288
2,91,61,66,6,5.32722871788077,13.0866992388362
2,91,71,79,9,10.0197077554304,20.4309727969535
2,92,2,15,14,6.2910807336151,14.1058338790788
2,92,20,23,4,5.02138513321718,8.62075896924636
2,92,29,36,8,8.28826323978038,14.9840704580492
2,92,61,66,6,8.81229891531794,15.7997164152276
2,92,70,80,11,12.8865393384702,29.5360466270136
2,93,2,15,14,9.20065530111662,15.9428861940059
2,93,19,25,7,6.87828210468466,15.2185073199799
2,93,31,38,8,6.75564674199055,12.6079516211702
2,93,59,68,10,12.6145302508527,25.5109221194231
2,93,70,81,12,8.39183303500205,21.6286961171375
2,94,3,16,14,8.98978820103645,15.6046813045844
2,94,19,25,7,5.35142066722779,11.9825565355376
2,94,32,40,9,4.10065883949781,8.92661311962333
2,94,58,75,18,11.7002912380992,31.5483777232539
2,95,3,16,14,6.2401433717931,10.2239008785875
2,95,18,24,7,6.01077856298426,12.4560257313222
2,95,33,39,7,2.74775199076915,6.40728403879427
2,95,56,70,15,15.0255184881542,26.5767493914595
2,96,2,24,23,5.90718108567991,16.4863701977041
2,96,34,38,5,2.6146202430668,4.67749524788472
2,96,55,72,18,13.5760849998591,25.8175524575426
2,97,2,10,9,6.29624334764128,9.98550930932224
2,97,16,26,11,8.74824067978703,18.0827879380105
2,97,56,72,17,13.5409349354147,34.5336993515872
2,97,77,81,5,5.01462472052382,8.50304158803527
2,98,2,9,8,7.16877592397899,10.7179212212241
2,98,16,27,12,7.89425878549026,16.2976201096168
2,98,61,72,12,11.4140457672825,32.6318076485943
2,98,77,82,6,4.26668059225172,8.31405837284087
2,99,2,8,7,4.52215551136928,7.21565346321607
2,99,16,28,13,6.17947291262177,10.9297623184538
2,99,65,71,7,10.766686988542,20.7126895596755
2,99,77,82,6,4.96994660726621,9.81087384837067
2,100,16,28,13,7.43820632329101,11.2489167926162
2,100,66,71,6,3.77870278530564,6.73144285869283
2,100,76,82,7,7.17480189880258,13.9894333112348
2,101,15,28,14,7.44448050538545,12.23124500106
2,101,67,82,16,8.2052831104253,20.1149383351238
2,102,16,29,14,9.31849278192806,15.6656399103689
2,102,68,82,15,10.1455947659048,21.8569665742612
2,103,15,29,15,7.87922415364288,17.2102880570742
2,103,69,82,14,10.0084488197799,23.2340188505518
2,104,14,29,16,7.05971691985444,17.2186995879222
2,104,69,82,14,5.64028826154294,15.9485725365019
2,105,13,30,18,8.118443420413,16.9286293715566
2,105,69,82,14,3.9093286341106,8.68476607257481
2,106,14,31,18,10.0114134842754,14.0344488325493
2,106,39,46,8,2.43947299783841,5.13103140166506
2,106,69,81,13,4.81473100113333,8.7987169187457
2,106,86,89,4,3.71758246313422,5.7704530640864
2,107,14,32,19,6.98929409383738,14.10000330347
2,107,72,81,10,3.26543553818169,5.60623600365887
2,107,86,89,4,2.46809743669624,4.66600299461244
2,108,15,39,25,3.27952253602979,10.154575056303
2,108,86,89,4,2.31799058722191,4.4099939243475
2,109,18,39,22,2.439613460986,7.8762201409599
2,109,72,81,10,2.1827189575036,3.87730944001093
2,111,2,8,7,2.60498524691164,5.3798850779473
2,112,2,7,6,4.3338099713261,7.24600425764326
2,112,19,29,11,2.0756154423663,4.27894538592395
2,113,2,9,8,3.96104390767418,6.51840866723531
2,113,77,89,13,2.41111335631071,3.86565383128512
2,114,2,9,8,5.28414086229605,7.82526507858926
2,114,74,89,16,3.67565720714295,5.459738406039
2,115,2,9,8,5.50947834700554,9.91421122929578
2,115,74,89,16,4.75371832369111,10.7476126379114
2,116,2,8,7,6.4327045505329,11.8324878466872
2,116,20,25,6,5.25318804155769,9.80052059135006
2,116,74,89,16,6.80760423810073,16.7453141292
2,117,2,7,6,3.12041495026541,8.78675065721091
2,117,20,26,7,5.40306846798656,11.687392191496
2,117,74,89,16,11.4417087677603,30.1034626497623
2,118,15,26,12,5.28975103648839,14.1673053186779
2,118,75,81,7,12.2990325873311,36.6662871720033
2,119,15,26,12,5.49906593280646,12.6139305037693
2,119,74,80,7,11.2156430952808,36.1827600427229
2,120,15,26,12,5.33664582457359,11.470507019339
2,120,75,79,5,14.05182385663,34.2011584841038
2,121,15,25,11,7.64759335178652,12.7098267742298
2,121,75,78,4,13.1101766593546,32.4421243679212
2,122,15,23,9,7.49437020592613,13.1609112702169
2,122,34,44,11,4.76041892059359,8.81809801428804
2,122,72,77,6,13.2472948275654,35.6032379331653
2,123,14,21,8,6.56506868349461,11.8852327119102
2,123,34,44,11,11.4470142330904,20.9942054013572
2,123,73,77,5,15.5990130272344,38.7498205576589
2,124,13,21,9,5.45733704045359,10.1744877810368
2,124,33,36,4,14.5187277795864,29.9421252206511
2,124,74,77,4,16.2467797657646,34.9700867163378
2,124,81,84,4,8.98221830588485,23.7131798242972
2,125,13,21,9,7.75609317902434,13.334900153085
2,125,34,43,10,16.7296752389767,31.2036215924046
2,125,63,66,4,4.26009076240127,7.54228414189024
2,126,13,22,10,14.2981619548224,26.778379985664
2,126,62,66,5,6.13991324880684,11.1663281888375
2,126,76,81,6,17.4460048173112,30.7187713370064
2,127,14,17,4,15.5166634450516,33.8628346077588
2,127,62,65,4,3.27944252509617,7.58045050822899
2,127,75,80,6,12.3992015120202,22.0768526820774
2,128,12,17,6,11.0473142225845,33.0958839687504
2,128,61,64,4,3.36813465596433,6.71125731221476
2,128,74,80,7,6.22639479865037,14.4341417112225
2,129,10,18,9,11.394679330488,37.4087366802823
2,129,60,64,5,8.47727903287342,15.2796347848955
2,129,75,79,5,8.53626353044762,14.4940617970378
2,130,33,41,9,18.2728043496253,30.455206350628
2,130,74,79,6,7.01438997189082,12.2354394787063
2,131,18,24,7,13.8940285341565,25.4435366281152
2,131,32,41,10,14.144440592065,25.6000191693088
2,131,58,61,4,21.4404429305101,37.8842173567516
2,131,73,79,7,17.1546506634989,28.3475102814886
2,132,18,25,8,13.5082103010752,24.515022679527
2,132,32,41,10,13.1312737449704,23.0590274330753
2,132,53,60,8,10.0771059862454,35.7626310438451
2,133,17,26,10,12.7353790384943,27.8078948993818
2,133,32,40,9,8.69692980787288,11.3795263234971
2,133,51,65,15,9.73968766441998,22.4372288691497
2,133,76,82,7,12.568214545348,27.4835445489125
2,134,17,28,12,12.3183228342043,28.3941592206199
2,134,32,36,5,2.32692890861261,6.02758778775265
2,134,49,64,16,3.69768635060788,7.40423301963305
2,134,70,83,14,15.0625796474401,29.463508337733
2,135,15,30,16,9.98350650475586,19.8533273209911
2,135,48,52,5,5.11347669161272,10.2454539382633
2,135,67,83,17,12.5717953377006,30.0286084027862
2,136,13,31,19,8.63136318297271,31.153504192248
2,136,47,51,5,12.7066745499118,21.0183113823622
2,136,66,76,11,20.8451097633711,33.4436115929492
2,136,79,87,9,3.92073062302157,8.69707177614199
2,137,13,31,19,7.23903794836736,32.2602906428416
2,137,36,41,6,2.98758196463991,6.45818912144305
2,137,65,68,4,15.9256073763854,30.3067335554597
2,137,80,88,9,8.66697005282133,14.9207024490673
2,138,18,21,4,2.1276326006516,5.11390997591257
2,138,25,32,8,15.8843756077104,33.0455494296057
2,138,66,69,4,20.8696570548052,33.1066795324554
2,138,81,89,9,16.4783877149529,28.9338494222078
2,139,17,22,6,9.20191062165068,20.3620727378647
2,139,26,36,11,10.8448943434481,26.3036347558315
2,139,85,88,4,11.9339146476414,25.9873764344848
2,140,18,37,20,12.8164741636421,27.4726624691609
2,140,82,87,6,14.6174364438823,27.5576821858079
2,141,18,33,16,16.0216427829408,32.0629964273537
2,142,18,28,11,21.2893949986031,31.6477318098964
2,143,58,61,4,4.46953964558359,9.01874858359545
2,143,69,75,7,17.9747340897115,29.3429382088717
2,144,58,62,5,3.40361592585674,10.151889711849
2,144,67,81,15,7.66358801263255,29.2787388665887
2,146,34,38,5,10.8362934433481,16.8563429544725
2,146,44,53,10,10.6341426166127,22.9676829491219
2,147,2,7,6,15.7447936390891,23.7854966518954
2,147,18,21,4,22.1404318096601,41.1250011780063
2,147,24,28,5,8.17276240548102,23.3854069728878
2,147,35,41,7,9.57895876227414,20.4228317570964
2,147,44,53,10,7.72632554339943,20.4452554682304
2,148,2,7,6,9.17899735946094,16.1434631973692
2,148,18,26,9,16.4189337595172,34.5477973202613
2,148,36,46,11,8.04799855961826,22.9150858388081
2,148,48,53,6,14.4232372732048,27.084464064977
2,148,67,72,6,13.4334454686779,22.1568942224678
2,148,79,89,11,8.79245297030106,16.8051383521049
2,149,4,8,5,4.53864312848205,8.96498209680877
2,149,21,26,6,5.62700779716974,11.8557334869034
2,149,36,53,18,14.4764608303679,32.0264480869842
2,149,69,74,6,11.7033600316929,22.371530292961
2,149,78,89,12,16.3581395625957,26.2165770966496
2,150,4,8,5,2.6510024541681,5.73076930435614
2,150,18,27,10,11.5754330908941,23.8456096648691
2,150,36,42,7,7.88434627525191,16.5392559554716
2,150,44,53,10,11.9811478613619,24.2691232922284
2,150,68,75,8,10.7118740395733,22.3543788923756
2,150,78,89,12,18.6648917220569,31.5769719542094
2,151,18,28,11,7.79419947643322,15.9472789584955
2,151,34,43,10,6.20881338830757,15.5928840988644
2,151,45,54,10,8.62961161903927,18.7786714683824
2,151,69,75,7,6.42795701948515,12.5180001729005
2,151,79,89,11,16.4517112485055,29.1512851156919
2,152,19,29,11,4.60143617984651,8.3497217302586
2,152,32,44,13,5.50904871135799,13.960671648617
2,152,47,56,10,6.49542931122208,14.756283239975
2,152,78,89,12,12.7099465866965,23.5033277927796
2,153,18,45,28,5.07487816227391,11.2262802962721
2,153,48,56,9,5.07433180349097,10.5793457219652
2,153,77,89,13,9.75580518351773,15.9907618706088
2,154,18,45,28,5.1682044935781,8.87144103179352
2,154,49,56,8,4.13998830729719,8.16185761627387
2,154,76,89,14,7.13961367888303,10.6781597854417
2,155,18,45,28,5.28564368430187,7.89441749954005
2,155,74,89,16,5.14037103090962,9.15585756510462
2,156,19,45,27,4.69027662966222,7.41092046670196
2,156,73,89,17,4.76215619441549,11.9560192559162
2,157,19,46,28,4.17985417500295,7.76817455602116
2,157,73,89,17,4.05424052338329,9.68775038312268
2,158,17,46,30,3.955693917391,7.47237412590222
2,158,73,89,17,3.09203291841006,5.7214709793009
2,159,17,47,31,3.91090267691313,7.30278551280519
2,159,73,89,17,2.37901119567323,5.2692970285903
2,160,17,61,45,3.2333702347519,6.92596543229492
2,160,73,85,13,2.60503634692497,5.28019004410037
2,161,17,62,46,3.32630098372167,6.32430205507422
2,161,73,84,12,2.44956047357414,4.83996461663853
2,162,16,61,46,3.34682686827508,7.12372650602093
2,162,73,84,12,2.51252285862679,5.02695977857803
2,163,5,60,56,3.00879279941323,7.77433350816201
2,163,72,83,12,2.19095190767664,4.30393280148435
2,164,5,60,56,3.21918449388893,8.4382157100399
2,164,72,84,13,2.13546845183738,4.05286364098977
2,165,6,58,53,3.3999315933367,7.98911635618074
2,165,73,84,12,2.37666625921585,4.08518376860657
2,166,7,58,52,3.77461343634819,7.14247968230667
2,166,73,89,17,2.12146313752066,3.97608216346958
2,167,7,58,52,3.79882909095721,7.41610272361411
2,167,73,89,17,2.34417573772914,5.267039584341
3,1,2,5,4,5.95919563956309,12.0108989115447
3,1,11,33,23,6.80561597691371,21.3257970525333
3,1,38,41,4,2.0510088057431,4.56807991485796
3,1,45,59,15,4.09084325897188,12.0290158477148
3,1,64,78,15,2.36601801104994,9.56157186362949
3,2,11,19,9,8.89743118884771,17.0791984552822
3,2,26,33,8,2.28665338049521,4.85378439378716
3,2,38,42,5,3.47143134867139,6.97603042970428
3,2,52,59,8,2.11767577134825,5.57874094657146
3,3,12,20,9,6.07037345634877,11.9570993196054
3,3,27,48,22,2.88799533999553,9.95955860017652
3,4,12,20,9,3.94164098800367,7.71993477478962
3,4,27,44,18,4.60291615497196,11.7881266372011
3,4,59,80,22,2.37868994189951,5.21444096782612
3,5,11,21,11,2.1540790828891,4.25051992319121
3,5,26,44,19,4.00891679761986,11.3102585288712
3,5,60,80,21,3.38813628106657,7.50154529421898
3,6,10,31,22,2.6735404498254,7.65172817889866
3,6,34,44,11,3.96091752011436,8.66278106889785
3,6,60,82,23,4.02188659726514,10.1987531020002
3,7,8,16,9,5.43869782286865,12.0463238066734
3,7,19,30,12,5.67515515065554,12.6662848769592
3,7,33,43,11,3.74520180295084,7.25672837517684
3,7,61,86,26,4.78433436155559,12.3861997416616
3,8,5,14,10,6.55609982914888,14.0032235959655
3,8,20,29,10,7.61760955119339,14.8566835804393
3,8,62,88,27,5.93961548098737,12.6506831894801
3,9,5,14,10,4.9126744053618,11.8823307734683
3,9,20,29,10,6.37604272438949,14.8339141766406
3,9,31,34,4,2.17270927728273,4.74707332282133
3,9,62,87,26,7.94747996806416,14.3470714062422
3,10,6,15,10,4.08327689451856,9.52666111101773
3,10,20,34,15,8.3369973327433,21.6359361797358
3,10,62,86,25,7.33650466330418,15.9688077412428
3,11,20,34,15,3.85884623072996,8.68852247182888
3,11,63,86,24,4.43483885831287,9.6592838141162
3,12,63,86,24,2.85424709253537,5.37022949770884
3,15,2,24,23,2.13150133873204,3.72906222195616
3,25,36,57,22,3.43019363503397,8.90093664244032
3,26,35,57,23,6.36389721910914,13.8090984153745
3,27,2,56,55,3.39501375760365,14.1947525199135
3,28,37,61,25,6.98322059056873,16.105598568135
3,29,26,34,9,2.15277326331341,5.12314681767867
3,29,37,59,23,6.48819201250495,20.2234138250785
3,30,2,6,5,2.95014812826142,7.04640807471708
3,30,26,33,8,2.33357472396502,5.21240967565049
3,30,37,51,15,5.52797372187678,16.5292728650241
3,31,2,7,6,3.26799888944662,9.3561325245498
3,31,11,21,11,2.08309765826097,6.33521131860984
3,31,27,33,7,2.19838691876737,4.76534341772858
3,31,43,49,7,6.05736119274711,13.3613933496712
3,31,59,66,8,3.15059182991806,7.28821567065281
3,31,73,78,6,3.01400759674769,6.46789390994224
3,32,2,22,21,2.80865820447944,6.31799499708776
3,32,39,48,10,4.02438291855329,8.09527984463575
3,32,59,66,8,5.55742938134986,11.9157200185369
3,32,74,87,14,2.62166649210741,7.5608915085335
3,33,4,11,8,2.83318553537745,6.21828266736609
3,33,60,64,5,2.37234490671138,4.64823461141887
3,33,75,89,15,4.09538843819866,4.91451221670366
3,34,79,89,11,4.39153251718161,7.92950111573382
3,36,49,58,10,2.00066961787159,4.30952660543261
3,36,72,88,17,4.69860240561745,13.3210353282438
3,37,19,35,17,3.93548252491118,6.27994843688874
3,37,57,87,31,3.8287651617392,14.3972161555403
3,38,18,36,19,6.33591235193756,11.7680060392045
3,38,38,52,15,4.74672817853259,7.63030574447171
3,38,65,85,21,4.83795438459408,9.38805641029481
3,39,17,42,26,5.77627760697544,13.8262525959884
3,39,45,52,8,4.69454087405658,9.08724286980304
3,39,67,86,20,3.13377348997669,6.96293860504029
3,40,2,36,35,5.18582369545995,18.4103753788386
3,40,46,52,7,2.80005806963767,6.86722848734443
3,40,66,78,13,2.65096858549728,5.41786074365291
3,40,81,87,7,3.24560885758957,6.84500759697804
3,41,7,35,29,5.78343281647228,15.1214924748236
3,41,66,76,11,2.10283952950945,4.74462460700605
3,41,82,88,7,3.29984928093612,7.18665538620753
3,42,8,16,9,5.22921458805762,9.39852865845042
3,42,18,30,13,4.62741537796748,9.13196686165081
3,42,81,87,7,2.38433776214955,5.14703058219848
3,43,2,29,28,7.73631382989878,17.2475308259445
3,44,2,30,29,6.13572756989826,17.9577295653634
3,45,2,27,26,2.46706566260898,5.63590331301565
3,46,2,27,26,3.48011241512655,11.1563465088287
3,46,40,53,14,2.50341649497317,4.40034154218342
3,47,19,27,9,4.0568520339234,8.09644035479447
3,47,57,72,16,2.08364680338908,3.87532931398958
3,48,21,28,8,2.72522524851275,6.5020404923683
3,48,30,52,23,2.19702392057084,6.76703200843872
3,49,9,18,10,2.36655566123904,4.8430028584075
3,49,22,53,32,3.5424048833446,10.8683492662551
3,49,57,70,14,4.97141893305483,8.50136438168627
3,50,23,53,31,3.19716181608117,8.12308642680003
3,50,57,72,16,4.81825729592242,8.83201975057102
3,51,29,44,16,5.41474504322877,10.9385648371763
3,51,56,83,28,3.06888454525716,9.74971943296995
3,52,27,48,22,3.49908468793607,7.37534288416793
3,52,54,68,15,5.84077687921819,12.2861303283231
3,52,70,83,14,2.48738061547737,5.16483435167444
3,53,27,49,23,3.37211427689328,5.28799829752219
3,53,53,67,15,6.47042115298183,13.2134435697355
3,53,70,81,12,2.80757308452457,6.36708966586558
3,54,2,16,15,3.02440485802005,5.29924282407833
3,54,21,66,46,3.81437256695138,9.56267391701948
3,54,70,89,20,2.92156813958397,7.76484739383069
3,55,2,64,63,4.15874310083711,15.6171602399485
3,55,69,79,11,2.03107396560543,5.16637101632763
3,55,82,89,8,4.38776184817865,9.79281224154368
3,56,2,24,23,4.12600805942705,10.3999738875898
3,56,31,62,32,4.66780501156941,15.8952883076004
3,56,82,89,8,4.03011195690826,9.53584202732381
3,57,2,30,29,3.49834546378459,11.5520468324339
3,57,33,57,25,3.9115891870664,9.7332088659698
3,57,81,89,9,6.23690707811951,11.4233704995618
3,58,2,19,18,3.63867654635382,7.8669421808529
3,58,34,56,23,3.2799632414478,8.14620112523879
3,58,81,89,9,11.4131704763086,18.3465138928403
3,59,42,53,12,3.43570412414509,7.68407107761508
3,59,67,77,11,3.1674448785412,5.89811161344708
3,59,81,89,9,11.2467199582177,19.7169883047344
3,60,66,78,13,2.92912779621415,5.43364998673079
3,60,81,87,7,3.36783031934499,8.24955397404164
3,61,36,50,15,3.59653605441297,5.2329919757155
3,61,67,77,11,2.97449743565881,5.50866993169417
3,61,81,86,6,2.02057041468788,4.64444984778167
3,65,64,72,9,3.60970944353264,6.8999672239546
3,67,72,84,13,3.78917562092803,7.51991854656214
3,68,46,60,15,2.8021843888255,7.24503601893764
3,68,73,85,13,6.74967260113547,13.0134802884227
3,69,52,68,17,6.29950032662881,11.8285659076158
3,69,73,89,17,8.65615459829509,21.3312373439499
3,70,52,67,16,8.95991985820423,16.2989852001757
3,70,74,89,16,13.6572089526479,29.5480607793623
3,71,52,67,16,10.8949708119131,18.9487274164304
3,71,75,89,15,19.01134214061,34.2985377941756
3,74,56,69,14,13.6040547590317,23.1781943735937
3,74,76,89,14,14.255209873955,31.3941565918638
3,76,2,13,12,4.28235964289035,10.0541773652214
3,76,39,48,10,4.55146356775034,8.20235458795273
3,76,58,70,13,11.582542876028,20.9189709977776
3,76,84,89,6,19.2139288492499,25.8701780151438
3,77,31,49,19,3.55694398526364,9.16961504613028
3,77,59,73,15,7.98690883715845,15.9185173192108
3,77,84,89,6,11.9532039756588,16.5665524920235
3,78,30,51,22,4.14406167304324,12.4580077992625
3,78,59,74,16,6.50319519359381,12.4114643761148
3,78,85,89,5,5.26270883544435,6.55903927200209
3,79,29,53,25,2.85156245657107,10.2585494770038
3,79,59,74,16,4.14664390200379,8.33785062321619
3,80,59,75,17,2.54535237148322,6.6700495354736
3,81,46,76,31,2.11810394550586,6.31824573025663
3,82,17,25,9,4.89413157680754,10.1257394373429
3,82,48,65,18,3.90341927637146,8.50869616916374
3,82,71,80,10,2.81277305197537,7.35205150164238
3,83,14,24,11,9.3869387776733,17.3710061594944
3,83,50,66,17,3.56780365886525,7.41306441014363
3,83,72,82,11,5.24906006133322,12.1996017772976
3,84,13,23,11,12.8577432328503,23.4163342020042
3,84,71,82,12,5.28637213119682,13.2155979570782
3,85,2,23,22,8.82335714974805,28.0494021676331
3,85,67,80,14,4.51455493089244,10.6447093433958
3,86,2,21,20,9.36670310518621,26.3840656599647
3,86,65,78,14,4.00770812096438,7.60075567577645
3,87,2,19,18,6.11687354436851,15.0218885220116
3,87,65,78,14,3.48023038897751,7.36891415272123
3,88,2,15,14,3.87690875403112,6.5857138310371
3,88,25,36,12,3.5196040627009,7.91725610950153
3,88,63,76,14,3.0389406813823,6.81802137628018
3,89,2,13,12,2.58618979338441,7.20827790563295
3,89,25,37,13,4.32063466607259,9.81778434725732
3,90,2,12,11,5.71301417397201,9.35434821662119
3,90,25,38,14,4.69893829266992,10.7071577960189
3,91,2,13,12,7.58728889390196,12.6326283217989
3,91,24,54,31,3.47697604442796,13.1643341012909
3,92,2,11,10,5.23521352323675,9.25211988081473
3,92,20,40,21,4.58765933393664,17.142518886984
3,92,46,58,13,2.21318614416845,5.60426155317526
3,93,7,33,27,7.82140193512253,18.207572744038
3,93,46,64,19,3.00336579898237,8.40610025858404
3,93,82,89,8,3.95892846480025,5.04317958545627
3,94,8,31,24,12.9390709366362,21.6952979076609
3,94,45,60,16,3.92987496048909,12.4064627594809
3,94,81,89,9,4.52827168165511,6.87793165052617
3,95,8,29,22,9.59472534614325,15.705899366948
3,95,63,89,27,2.24453637482996,6.92849246754813
3,96,10,26,17,6.94994895172369,13.4955768996999
3,96,54,89,36,3.79221479763329,11.0847888810401
3,97,10,27,18,6.18629939799881,14.4077679091456
3,97,45,52,8,2.10974165296587,4.75244663792195
3,97,72,89,18,7.63331969057138,14.3708227767249
3,98,11,26,16,4.34153456029016,12.1259833335647
3,98,31,37,7,3.59000629825868,6.8628249624036
3,98,55,66,12,2.44650025330972,5.89906217954046
3,98,70,89,20,5.70106406947863,10.1604587419415
3,99,11,27,17,3.74850183656244,10.7360323872706
3,99,71,89,19,4.15997292597629,7.38141135075288
3,100,2,5,4,2.16009471730759,4.41622055453021
3,100,11,34,24,4.06347175153441,11.8347718670518
3,100,74,89,16,2.83524541067782,6.93578602112315
3,101,2,8,7,4.00240383623053,8.69749145349658
3,101,10,33,24,4.99981273905654,11.9491806107504
3,102,2,24,23,8.11443272369444,14.181619389102
3,103,2,27,26,7.21911027564058,13.4992518024927
3,103,85,89,5,2.8045731647004,4.26212583414062
3,104,2,28,27,7.27659660041686,14.6429055897076
3,104,53,79,27,2.61032537545104,5.9717340684374
3,105,3,28,26,7.23792009331246,18.260384777549
3,105,53,78,26,2.07631508029527,4.16452380131788
3,106,4,16,13,11.8578947262008,17.5795479161603
3,107,3,16,14,11.3725047431526,18.5982310633769
3,107,20,40,21,2.0086303778252,5.22126765020998
3,107,69,76,8,3.15974468952535,5.55002022886162
3,107,82,87,6,2.85182796464747,6.29543483638322
3,108,2,17,16,8.05578624622678,13.6269053578992
3,108,22,32,11,3.01509084209197,8.20008500777457
3,108,69,77,9,3.40949678895161,7.6018947514752
3,108,81,86,6,4.17596384647001,7.90818545609532
3,109,2,14,13,5.49257348795425,10.4643348043195
3,109,24,35,12,2.74143589087117,6.64565216849002
3,109,70,76,7,4.58043113198993,8.23514525246034
3,110,2,11,10,3.45933190940079,7.50116880745709
3,110,25,39,15,4.12225665589051,8.57996822408663
3,110,71,76,6,2.4156727752164,6.34632411859115
3,111,5,11,7,2.61081648566621,5.1207863886807
3,111,25,40,16,6.31936028624505,9.63086767048549
3,111,72,75,4,2.53841107048377,4.69220435661979
3,111,80,84,5,3.65096486216172,7.27781907885308
3,112,4,13,10,6.9467036968962,11.6390897337936
3,112,16,22,7,3.97496709942405,7.17674516216463
3,112,27,40,14,6.43390072557104,12.2882851369895
3,112,80,85,6,3.79707193931174,7.71943154344376
3,113,2,22,21,6.65961191748986,10.8527247468135
3,113,28,40,13,8.365396317172,15.1828528291556
3,114,2,21,20,5.47722995267171,11.3467260968123
3,114,28,40,13,9.69506313131844,15.9193634428406
3,115,2,21,20,5.04501088308561,16.0690836927559
3,115,28,40,13,9.23664954543146,19.2282319483537
3,116,2,22,21,3.81256361543149,19.2862081884085
3,116,28,41,14,7.88927725772596,18.3138818405315
3,117,2,23,22,4.24403651117778,19.787592898992
3,117,27,39,13,5.4194465610291,13.3632267622257
3,118,2,9,8,7.6702525773983,16.492416335714
3,118,27,38,12,3.37139935942753,9.73574927705937
3,118,78,88,11,2.15439129681366,5.09256358931148
3,119,2,8,7,7.03181439090477,14.5023920042668
3,119,33,39,7,4.67626525727719,10.2423007665554
3,120,2,22,21,3.67717008197655,16.1431861950553
3,120,30,39,10,5.04570946153449,11.6889405699358
3,121,2,9,8,7.48352415272722,13.6385915964896
3,121,26,38,13,2.54917520638529,7.11560290045892
3,122,2,8,7,9.19560247847052,13.7333897305983
3,122,12,16,5,2.61319068846294,5.36399091597654
3,122,24,35,12,2.54759112825695,4.92559382315851
3,123,2,8,7,13.4887272190868,20.3060912155054
3,123,12,17,6,3.4195788638332,7.87219817895943
3,123,21,32,12,2.93988259095413,5.73852056550215
3,123,67,73,7,2.41463091420517,5.5230225597759
3,124,2,9,8,12.6659605435582,23.4186459763554
3,124,21,32,12,4.32862742157415,7.93513450076711
3,124,67,72,6,2.53254272573671,5.35577311485365
3,125,2,9,8,12.1023976493665,22.0419176278315
3,125,15,32,18,2.21305994295002,5.54757621010052
3,125,67,72,6,2.90742259547314,6.54494232636418
3,126,2,10,9,5.64344619588905,12.1009816881672
3,126,19,32,14,2.84710253333156,5.61313683144847
3,126,34,40,7,3.2655638304406,7.07935941037593
3,128,19,39,21,4.27318527012772,8.92362476335792
3,129,17,39,23,7.89366032644647,15.5490696168215
3,130,10,37,28,8.83511361107161,18.4178712061294
3,131,9,37,29,8.73000948391302,20.2167493445261
3,132,18,45,28,8.89863198325465,19.9928207855417
3,133,4,10,7,4.78771461932673,9.08302483813329
3,133,19,46,28,7.74767609375795,19.4492973448142
3,134,3,15,13,2.74320474295161,6.28810340793718
3,134,21,47,27,6.05606812545089,18.0107168429704
3,135,26,48,23,6.29436094170554,13.945284448409
3,136,25,48,24,4.27924243838895,8.70862474384474
3,137,2,8,7,2.09184968931424,4.53500262189741
3,137,22,65,44,2.90353156595922,8.04675080333671
3,138,2,7,6,2.38167303818757,4.26231924959789
3,138,20,29,10,2.66687526369656,5.08442614133173
3,138,31,66,36,2.35414996380891,5.27837281391426
3,139,20,27,8,2.47438989335528,4.84370089302494
3,139,42,70,29,4.563722509472,9.3917206007008
3,140,2,6,5,2.08614060184166,3.97455779483958
3,140,20,27,8,2.48329410343277,5.72406069886434
3,140,44,71,28,5.54900897908229,10.0389109273244
3,141,20,26,7,2.27266892223842,4.85634418196623
3,141,45,70,26,5.81031701523507,11.0322805079473
3,142,43,65,23,7.18964649998094,14.0313692859204
3,143,41,61,21,10.3975155556715,19.4248003621251
3,144,40,61,22,11.5547046480592,24.4522483720848
3,145,39,61,23,12.6723694886094,25.653277948122
3,146,38,60,23,13.4687902739607,27.6639151346819
3,147,38,58,21,14.8215342627954,29.4710585837895
3,148,28,56,29,10.9378944940747,30.1944084570003
3,149,30,54,25,11.6627118854381,31.8963911257771
3,149,76,81,6,4.13471451186117,8.29303290775031
3,150,5,10,6,3.28595505415788,6.5540499460919
3,150,36,53,18,12.9065922039201,26.1703883997216
3,150,75,81,7,5.70990030083027,11.6436387443212
3,151,36,51,16,9.19968772764913,18.0516874507134
3,151,59,65,7,3.82512170543826,7.49675182471812
3,151,75,81,7,5.58803548270563,12.42011637066
3,152,36,48,13,6.05520265864598,13.0751380844505
3,152,58,65,8,4.40814524298598,8.76398036976669
3,152,75,86,12,2.91106971498656,7.07060681260513
3,153,2,5,4,3.24873228725231,8.19682885276606
3,153,36,42,7,9.01806182195498,15.8393741896271
3,153,75,86,12,3.35807695626783,5.76331960239757
3,154,35,43,9,11.3753671507599,24.2504040842993
3,154,75,86,12,4.23746094306839,10.5169687225218
3,155,26,33,8,4.43760104033189,9.538323953132
3,155,36,43,8,10.2151907652308,19.3408877273637
3,155,46,53,8,3.55574023368605,8.53851945392821
3,155,74,86,13,4.13231170793533,13.5455531519759
3,156,24,33,10,6.87440000166153,13.5572443283832
3,156,35,43,9,5.49055107955542,12.5823824500793
3,156,45,54,10,6.08295361776425,15.236036621667
3,156,60,70,11,3.83659486174764,6.51766675652915
3,156,81,87,7,5.07463340735076,10.9117635093065
3,157,23,32,10,6.78318554709406,12.1265388747614
3,157,35,54,20,5.43249223398262,14.9613032205555
3,157,61,69,9,3.29289519607735,6.59069923196063
3,157,82,89,8,4.93722383500677,8.89171357155777
3,158,4,11,8,4.79020286656474,10.5839269804738
3,158,22,30,9,3.60133092463495,7.72703542300709
3,158,43,54,12,5.83141802966432,10.9450332825327
3,158,82,89,8,5.52801284442977,9.05682954032073
3,159,5,11,7,7.59978509088552,12.9356849981778
3,159,43,58,16,4.69744203060823,10.3951479966807
3,159,82,89,8,6.70825657800084,10.8402828238277
3,160,5,12,8,7.21610996348535,14.1525986391045
3,160,27,38,12,3.53758742304394,8.74835851539588
3,160,42,58,17,5.22609524603975,14.8735360717382
3,160,82,89,8,6.76419309547801,9.64390958391375
3,161,5,13,9,6.86501130325802,14.1231681250255
3,161,26,45,20,8.25250513502686,15.3434445935776
3,161,49,58,10,7.00149685901833,14.508708422109
3,161,82,89,8,4.88234002996324,8.88280482733657
3,162,5,19,15,4.99664535647391,11.9040760529005
3,162,27,46,20,13.5546506723964,24.1524036710935
3,162,50,58,9,6.74608644750422,12.6060485504116
3,162,85,89,5,6.64678826702005,9.96318501617017
3,163,5,19,15,4.49443596764871,9.80673240572108
3,163,26,46,21,14.61033546925,26.4664949324984
3,163,51,60,10,3.89338708295165,7.02342208261249
3,163,85,89,5,7.53537802546818,10.5629566834325
3,164,5,19,15,5.10914554473072,10.0504725019414
3,164,26,48,23,12.679408314734,26.0258581403469
3,164,51,62,12,3.31135399081443,6.6534754366614
3,164,68,73,6,2.85384923391448,5.33348988678562
3,164,85,89,5,5.50678165894895,9.41004656413813
3,165,5,20,16,4.79433582536918,10.7941065706013
3,165,25,48,24,10.2072444254648,19.4523564543816
3,165,55,64,10,6.25052544125531,13.3869664931994
3,165,68,74,7,3.64069411646237,8.40479457283678
3,166,5,22,18,3.22594684785155,8.72334559357164
3,166,25,49,25,6.86226027079332,16.5795772368899
3,166,57,65,9,9.88723282035958,19.9773910226047
3,166,68,74,7,5.78618892627713,11.8671854340732
3,167,5,12,8,5.01764966765205,9.31360589326938
3,167,29,51,23,6.24408475819727,19.0098226982406
3,167,57,65,9,12.3262150057074,23.1718390647276
3,167,68,75,8,6.25905301014236,12.6588332990023
3,168,3,13,11,4.03769007953894,9.42801790093817
3,168,31,52,22,6.8855204598085,19.3132154574895
3,168,58,82,25,6.58700844457963,19.3583828328168
3,169,2,15,14,2.19109275472983,4.80020235564584
3,169,28,52,25,6.34807116976396,19.9930396709305
3,169,58,83,26,3.83546532856096,9.07145116826625
3,170,11,17,7,2.50170418569999,5.11270483893152
3,170,20,54,35,5.69087896154815,19.2150529357953
3,170,76,86,11,3.85243219697645,9.00937919353023
3,171,10,26,17,3.99179916538165,8.34692799859762
3,171,30,54,25,7.82711010826911,20.0503209081888
3,171,67,71,5,2.67270929714329,4.94750636946603
3,171,77,87,11,4.11488372358239,7.43357520718615
3,172,2,12,11,5.28145395857964,8.84795163984275
3,172,16,25,10,2.24593352371011,5.70139894435994
3,172,35,54,20,9.76832668868184,20.5346875643178
3,172,66,71,6,3.04452175400449,5.64170210440921
3,172,78,87,10,3.97593006707993,10.6168829638557
3,173,2,11,10,7.15921413943151,12.6286323079555
3,173,17,21,5,2.45583956571013,6.34624253152127
3,173,36,55,20,10.3507667381164,21.2309696676772
3,173,65,72,8,3.05171900259147,7.46063580712292
3,173,81,87,7,5.68320031149906,11.0957699964035
3,174,2,11,10,6.52108834996881,13.15416469923
3,174,37,56,20,9.58319321920702,21.421013862956
3,174,65,71,7,4.02006319920088,6.82756773684707
3,174,81,88,8,4.94552382668291,11.5042563012116
3,175,2,10,9,7.01809390484357,12.1576365982991
3,175,37,57,21,9.71534542562653,20.9513574454422
3,175,65,71,7,3.02804466281091,6.07200326008732
3,175,80,88,9,6.25908355431764,12.8043668222503
3,176,2,10,9,11.9864283169475,19.1351351720074
3,176,34,57,24,8.82902919213808,21.568062358082
3,176,66,71,6,3.44199964662845,6.2525921002485
3,176,80,89,10,5.370049626003,10.9098580631947
3,177,2,10,9,13.0435625752959,20.0149996379259
3,177,35,58,24,8.23788049479048,23.002353528245
3,177,66,72,7,4.2169653201061,7.35759285091072
3,177,81,89,9,5.37433461661767,7.71071574362814
3,178,3,11,9,6.33117339339052,11.1077545706601
3,178,35,89,55,5.6612118043745,19.9616588364829
3,179,36,89,54,5.65647184000313,19.3038059775338
3,180,37,63,27,7.97850946526927,24.4279941678756
3,180,66,87,22,5.03123428170677,12.5916019331626
3,181,37,86,50,6.77940802628231,30.1756741476641
3,182,17,68,52,4.93785612584494,28.1674122021992
3,182,70,77,8,4.40263322485739,10.3542176653197
3,182,79,86,8,2.19443252716323,4.62915117266353
3,183,17,68,52,4.13683115425473,22.3506004220959
3,183,70,76,7,4.24300139384014,9.50866166234547
3,184,17,75,59,4.14992187536294,13.1158945562245
3,184,79,85,7,4.33938294682168,9.07148692671511
3,185,18,75,58,3.89944194570886,14.340770981773
3,185,79,84,6,6.32359732487581,11.710007232629
3,186,17,76,60,3.17616356493145,12.1990598823963
3,186,79,89,11,3.40017178847555,8.99946754118445
3,187,12,89,78,2.6135827861862,9.5017292439599
3,188,17,89,73,2.65915444735737,8.55133266860354
3,189,18,89,72,2.53992406764825,10.6838556354993
3,190,9,14,6,2.03130493571269,4.99491141181514
3,190,18,89,72,3.03118461179859,14.554422205155
3,191,9,33,25,4.17034163848353,11.5245232314755
3,191,40,89,50,4.64029912845757,24.0812510688014
3,192,2,23,22,4.35636048917447,11.6943581677892
3,192,26,34,9,3.36957091051823,7.29688145500149
3,192,41,67,27,3.33190425109847,13.7830776630321
3,192,69,89,21,8.34857126308217,26.501753957376
3,193,2,19,18,4.71442425883471,10.1664395174984
3,193,26,34,9,4.78317240546974,11.1702274171605
3,193,54,67,14,6.95483252737598,17.7606346381947
3,193,68,89,22,6.85856362530272,21.3635241577599
3,194,2,18,17,4.46282870563333,11.2330975097525
3,194,24,33,10,2.31549737439268,4.46530349415256
3,194,40,50,11,2.4517065954248,5.20181326494896
3,194,54,66,13,6.93301786924613,16.4799296513436
3,194,69,89,21,5.15167419987156,14.7628969308844
3,195,2,18,17,4.28821349364177,11.7840116383075
3,195,22,28,7,2.114450459507,5.22432519663034
3,195,43,51,9,2.78419600508576,6.27422377914051
3,195,54,64,11,11.0284540772892,23.4180445001854
3,195,70,89,20,5.33153607600306,12.6306671961557
3,196,4,18,15,4.23507381374564,12.5033142174707
3,196,21,32,12,3.08408707948292,5.31659518895465
3,196,36,42,7,2.70735949019415,5.93605102905665
3,196,54,63,10,13.8132676250106,26.1819401178662
3,196,72,89,18,7.43893287358516,12.179867714912
4,1,12,24,13,2.78917145758957,8.27990370624671
4,1,29,80,52,3.14379168171765,7.76904404080511
4,1,86,90,5,2.02649632011999,3.74206084876319
4,2,16,23,8,3.34957693391631,9.89913317808483
4,2,29,85,57,2.79448911653499,7.48692437456559
4,3,17,22,6,3.38046043635855,7.87306420566699
4,3,29,77,49,3.15879686294863,6.97875079015351
4,4,27,77,51,2.77932486408767,7.18111799077318
4,5,35,76,42,3.13031583816087,7.96271315540668
4,6,36,76,41,2.93282388981403,7.59415617042247
4,6,81,90,10,2.11856978953071,3.30505223710718
4,7,2,7,6,2.03240905512503,3.48928046647089
4,7,20,31,12,2.16068931858064,3.93113433371434
4,7,36,59,24,2.97961517038214,6.33513477357209
4,7,61,76,16,2.1520996194492,4.12850788826505
4,7,81,90,10,2.62056696763947,3.37680332726789
4,8,2,7,6,2.16067836472737,3.86650234050653
4,8,36,59,24,2.50132954969413,4.91492391742369
4,8,62,76,15,2.24919996256493,3.43610312713336
4,8,81,90,10,2.98906826934801,4.23727317595221
4,9,2,7,6,2.46761447633786,4.70422092159018
4,9,36,59,24,2.04758124586886,4.09306468665152
4,9,62,76,15,2.14649786830371,3.52453601774581
4,9,81,90,10,3.15977783235618,4.85326632772255
4,10,2,7,6,2.79206720544593,5.20524237603441
4,10,63,76,14,2.17862830099881,3.69552011921926
4,10,81,90,10,3.17466690588532,5.17415764065777
4,11,2,7,6,2.64371884312906,4.69606541066487
4,11,81,90,10,2.95229216941292,5.34002909126922
4,12,2,7,6,2.05795178012497,3.74407137245951
4,12,83,90,8,3.24153669463506,5.25915194651477
4,13,84,90,7,3.12823919035985,4.77009480822619
4,14,85,90,6,3.03543972494342,4.40454428430086
4,15,85,90,6,2.63130529545314,4.05181690253368
4,16,85,90,6,2.54286619109866,3.84849112244197
4,17,85,90,6,2.17624013039609,3.24436044570121
4,20,63,83,21,2.00828577631812,3.76562438026378
4,21,63,83,21,2.02645313591562,5.64654828595436
4,22,63,82,20,2.18688439867135,7.94963099149034
4,22,87,90,4,2.08368003181613,2.75275602176174
4,23,62,82,21,2.26617239467474,9.25619872119023
4,23,87,90,4,2.48269836917936,3.27664354175406
4,24,62,81,20,2.85957321648297,8.05595981118891
4,24,87,90,4,2.86588899464607,3.67033397716982
4,25,62,81,20,2.84271021238,6.06067039940837
4,25,87,90,4,2.97781445481684,3.66046565762436
4,26,30,42,13,3.06715958507891,7.70429850435755
4,26,63,81,19,2.75258757737442,4.01394646220102
4,26,87,90,4,2.56249410507346,3.17265724681864
4,27,18,23,6,2.85793505153263,5.36817963114671
4,27,31,41,11,4.16300259123888,11.1716827691404
4,27,63,82,20,2.16761640454879,3.70402009365558
4,28,33,41,9,3.82663988058648,9.78372278274631
4,28,63,70,8,2.4179615465896,5.61439295202007
4,31,17,24,8,3.41475671210737,8.35157149110756
4,31,34,42,9,3.70571934818743,6.93935680185599
4,31,63,68,6,3.54134697643425,6.36758110611567
4,32,35,44,10,3.45698408476609,6.93960356150517
4,32,62,66,5,4.39658051239125,9.28992138403007
4,33,61,66,6,3.89425600672498,8.68095538274538
4,36,2,8,7,2.00385999488604,4.00185242363915
4,51,2,13,12,2.53795520278324,4.05690536885961
4,52,2,12,11,4.498278950883,8.52672175528036
4,53,2,9,8,4.09011251757324,6.61139630345426
4,54,2,9,8,3.79861734918422,5.97708630843242
5,1,2,9,8,4.27371307414282,7.0063009382188
5,1,13,17,5,3.39261887835604,6.55219191420066
5,1,24,33,10,2.76487894692941,5.67413588405222
5,1,45,60,16,2.03672718657771,5.55334114145828
5,1,76,86,11,2.96664918220085,7.03713654332904
5,2,2,16,15,3.39256250173132,8.36979799326055
5,2,34,40,7,2.20888159806431,5.52302276183654
5,2,45,62,18,3.32241283329444,8.12573451710673
5,2,76,86,11,6.16640459645132,12.4769989474159
5,3,2,15,14,3.28719788490873,7.48637583800685
5,3,33,40,8,6.2225393164835,13.0802645763956
5,3,44,52,9,5.6086891239713,10.6365866621244
5,3,57,63,7,2.91724232868144,5.54287396491699
5,4,2,16,15,2.31683734267256,3.70248259622111
5,4,31,40,10,8.54048094220039,16.6119975201825
5,4,44,51,8,4.72220873414014,9.79174129227272
5,4,58,65,8,4.65560114411722,9.28435330767294
5,5,2,16,15,3.9649476186967,8.01054940849307
5,5,29,50,22,3.42398178489284,9.99879730953861
5,5,58,66,9,3.33371343259518,6.83464166726913
5,6,2,16,15,2.99297071474891,7.18457756177483
5,6,58,65,8,2.11718626770065,4.09839226461526
5,7,56,66,11,2.11617275185932,5.12769837271751
5,21,74,90,17,2.02330038745326,4.59824581993928
5,31,2,29,28,3.30692995558535,5.42527998830605
5,32,2,90,89,2.71093001160476,7.06892218255107
5,33,2,90,89,2.52261999068901,5.34680149340654
5,34,2,29,28,3.8801918765615,5.55010915118783
5,34,32,90,59,2.46439322212194,5.25107471614536
5,35,2,29,28,4.03006766846484,5.78807438364327
5,35,33,90,58,2.30290010595823,3.85721557534275
5,36,2,30,29,2.94737496138743,4.86503580948507
5,36,33,90,58,2.49068046830921,6.51367740783329
5,37,50,90,41,2.51111106010281,6.0470568529391
5,38,2,6,5,2.91401230184861,7.05301253033703
5,38,66,90,25,2.59670624705811,5.29431390498555
5,39,2,6,5,3.18950590458223,6.70243265735017
5,39,58,73,16,2.03051149633809,5.58113778004112
5,40,2,6,5,2.84821237361957,7.26537761981394
5,40,11,29,19,2.3669916502669,5.69722039536299
5,40,59,73,15,3.96206816708585,9.53853422766263
5,40,82,89,8,2.52426701966781,5.43100341755776
5,41,2,7,6,2.50937142288918,6.70067085891999
5,41,11,28,18,2.88361810327097,6.16545490516252
5,41,55,73,19,2.29283630646098,7.88096332542177
5,41,82,90,9,3.55461851968695,7.15008786910358
5,42,11,28,18,3.83931114278101,7.86443279550378
5,42,58,73,16,3.25525258710479,8.86346808748996
5,42,82,90,9,5.73476531622585,10.0124585604294
5,43,10,28,19,6.21817060430094,12.3502484401712
5,43,58,74,17,4.66652942195254,11.3551474141597
5,43,82,90,9,6.73310125828414,10.0772541935559
5,44,9,29,21,6.31628925785374,14.3226630470221
5,44,59,77,19,4.11487724460485,9.4048075119411
5,44,82,90,9,7.02758856985009,10.9045220888308
5,45,8,31,24,6.0501412783341,13.3737129854572
5,45,58,78,21,5.68322967280511,8.75444873581303
5,45,83,90,8,6.55082350357572,10.4130327655177
5,46,9,39,31,4.71603813055176,10.5422442143339
5,46,56,80,25,6.10360351493738,14.0689517165565
5,46,85,90,6,5.84024935446766,8.74032397296492
5,47,13,25,13,3.48851125840352,7.17292477318784
5,47,28,37,10,8.3490229677959,17.659275183021
5,47,53,79,27,5.35512031463626,14.8978339779386
5,47,86,90,5,5.54933599410219,7.71886257244782
5,48,28,38,11,11.2145960827667,23.7532222062697
5,48,51,58,8,2.2181952931063,4.72172066514615
5,48,66,78,13,6.10175279815329,12.3757262944097
5,49,29,39,11,12.6047739775608,22.8402279656348
5,49,66,77,12,4.75723310162399,9.23189021590261
5,50,5,14,10,3.04984706127501,5.61153138956137
5,50,29,39,11,11.0718542959621,20.1117743001555
5,50,65,75,11,3.9751755442701,8.17767158243108
5,51,4,13,10,4.71761476531282,8.39946012241439
5,51,31,40,10,11.4945340790531,20.8815501430639
5,51,65,72,8,3.84787851978722,6.86909202095603
5,52,2,12,11,6.62711740656137,11.3781230585459
5,52,30,42,13,8.58927253519602,18.4901115462414
5,53,2,11,10,12.103233974379,23.752582371442
5,53,24,54,31,4.7687082196738,14.3181927777286
5,53,63,70,8,2.55235140542178,5.75238862807751
5,54,2,10,9,14.0285612426812,28.8632662537095
5,54,24,54,31,7.42810447481501,13.760497103592
5,54,62,67,6,2.81619087255166,5.27363325167727
5,55,2,9,8,10.2765834258237,17.644828777826
5,55,23,53,31,4.74854569520394,10.2970757491152
5,55,60,67,8,8.2794865686669,14.2068422950607
5,55,82,90,9,3.97318164050644,5.61080801321364
5,56,2,9,8,7.15703906905668,11.3441042833358
5,56,23,44,22,3.91032354706546,8.92420680106081
5,56,59,68,10,8.43822308219839,18.0750951945754
5,56,76,90,15,2.98261043436359,4.67471321490865
5,57,2,9,8,3.60167043345417,6.65886636187265
5,57,23,42,20,3.24613311975835,9.25254350691979
5,57,62,90,29,3.28239111138284,9.0768243345031
5,58,22,56,35,3.99798983823057,15.1421486681823
5,58,63,89,27,5.16932822668204,9.15051864682102
5,59,3,14,12,3.35379842124338,7.08256563485654
5,59,22,58,37,4.60821400964778,16.8852193097302
5,59,63,90,28,6.27502478998745,12.5241228070541
5,60,4,18,15,5.0328879742102,10.1602090804494
5,60,22,58,37,4.45928833075579,15.0230178999618
5,60,63,87,25,7.36390152403227,15.1190875292237
5,61,5,19,15,3.58966435622345,9.05015992913786
5,61,22,57,36,2.68550633488039,6.28185607834441
5,61,64,88,25,6.2289685215014,12.9899627951234
5,62,6,11,6,2.58186870694898,4.56289531008559
5,62,22,55,34,2.58096634457746,6.76110241719442
5,62,64,90,27,2.66355313471188,6.55035747016577
5,63,5,18,14,2.52348444172941,5.61272212171227
5,63,22,33,12,3.42506972124659,6.60429561008547
5,64,2,18,17,2.17442222862836,7.16422338203004
5,64,22,33,12,3.94870715054227,6.62730117607032
5,64,37,53,17,2.10848689608963,4.84569639242426
5,65,2,12,11,5.42454240208742,12.4100768346296
5,65,21,34,14,4.66544539237307,8.66459010013305
5,65,36,54,19,3.30947499189682,6.64553398458441
5,66,2,12,11,3.11734024737036,9.59405085495014
5,66,21,53,33,4.82463579048154,13.22283270805
5,67,2,12,11,3.93915237821928,9.27987789913154
5,67,22,54,33,4.64396956756685,11.1999411335089
5,67,58,78,21,2.62898734206602,5.2423750338748
5,68,2,18,17,2.94884690252626,6.45400143892545
5,68,21,53,33,3.7357071351103,7.43116605330349
5,68,58,78,21,2.56591678860449,5.22019482268561
5,68,81,90,10,2.11665979326584,4.64989871336671
5,69,2,51,50,3.79132579815487,6.25564615703436
5,69,58,90,33,3.25685342672306,6.61362741543778
5,70,2,90,89,3.74087270530555,8.71265986314328
5,71,2,90,89,3.52509106284311,7.09764470276035
5,72,2,90,89,3.8868862884762,8.05028682070314
5,73,2,90,89,3.21475127517224,8.08921246397498
5,74,2,90,89,3.37858744332402,6.94559399728453
5,75,2,90,89,4.01343620307495,7.21010204981254
5,76,2,90,89,4.1722266155501,7.83890893341312
5,77,2,90,89,4.31131989170787,7.29737724932685
5,78,2,90,89,4.32573653923661,9.03291070910877
5,79,2,90,89,4.15923344416155,7.53578012842035
5,80,2,90,89,3.87295647493878,10.0089928698529
5,81,2,90,89,4.00252596954456,10.0377395728225
5,82,2,90,89,4.54060896822604,7.35158874315299
5,83,2,90,89,4.85923716744491,11.5553735508099
5,84,2,90,89,4.08952447569124,7.74102680343592
5,85,2,90,89,4.47921007735883,8.19372798917171
5,86,2,81,80,5.07879702888764,9.34315391597079
5,87,2,90,89,4.82143831487283,10.0949309541265
5,88,2,90,89,4.478315363245,7.71126680384939
5,89,2,81,80,3.87627482005348,8.60668453210441
5,89,83,90,8,6.48969481430039,11.7746252276041
5,90,2,79,78,3.85746588140615,9.51724281819737
5,90,83,90,8,9.20074299273591,14.0668074995904
5,91,2,43,42,4.27340300929698,11.2541938542204
5,91,47,79,33,3.09793637315184,5.05313410114752
5,91,84,90,7,11.6435538675414,16.7175884097849
5,92,2,41,40,4.1317541238748,8.6763125511063
5,92,48,78,31,3.17960958175415,5.0941241959762
5,92,84,90,7,16.2805616551304,22.3983836162965
5,93,2,28,27,5.15601687046976,8.07719926887997
5,93,49,74,26,2.01290493281867,3.71023882072607
5,94,2,29,28,3.92623364300174,7.59784028497198
5,94,84,90,7,21.0274570119645,32.5086631924159
5,100,23,52,30,7.79278994913063,16.0718609484416
5,100,66,75,10,10.4257097354472,24.0770741576497
5,101,24,52,29,7.67812981566713,14.6776629995099
5,101,66,74,9,10.611632686823,23.133101253922
5,101,82,88,7,7.02372777915956,13.6042900157563
5,103,10,18,9,2.44281618025873,5.45824081359615
5,103,28,51,24,6.82810397485248,15.9219915812832
5,103,56,61,6,3.39202312345191,7.05407570815045
5,103,64,72,9,12.4841446013295,23.3780847715392
5,103,80,89,10,8.95140751999646,17.0541125256291
5,104,29,49,21,6.48927668835445,13.599736621378
5,104,56,74,19,9.13980127801435,19.3122098548949
5,104,80,89,10,7.60258545886287,15.3380194342963
5,105,29,38,10,4.95919553071051,10.159552293683
5,105,41,47,7,6.36637423809953,12.1890134257302
5,105,57,68,12,7.98247806264902,12.4086812350886
5,105,71,90,20,7.31856650364334,10.4132510231629
5,106,28,36,9,2.33174027783384,4.53561680183946
5,106,40,47,8,5.047398389772,10.2933484189718
5,106,58,67,10,11.2832925083449,18.9154421539822
5,106,72,90,19,10.4334320338331,23.6319336450883
5,107,23,33,11,2.75893619817217,5.04307767501902
5,107,38,47,10,4.56192480582637,10.4891545884225
5,107,58,66,9,9.95561563788484,16.9160125557366
5,107,73,90,18,8.38373797738169,24.6860477028885
5,108,24,32,9,2.14573767756401,5.03839695479027
5,108,38,46,9,6.95624023478871,13.4278654877769
5,108,58,65,8,6.04093592361033,8.86053571205146
5,108,73,84,12,3.43935537565342,5.74383287747925
5,108,86,90,5,11.0913257435709,20.3251229521541
5,109,23,33,11,2.7040500514829,5.47202709154434
5,109,38,47,10,9.4610005749971,19.3159809130573
5,109,59,65,7,2.77997413652173,4.36181084007853
5,109,72,85,14,3.52981635603666,8.07568489167149
5,109,86,90,5,11.0587534987113,19.1428925782243
5,110,23,34,12,2.81260643636346,5.47808417962774
5,110,37,46,10,11.1487215676878,22.0003162193491
5,110,73,84,12,4.30179874341525,8.44884386558089
5,110,87,90,4,12.9121235120312,19.7816113686652
5,111,37,46,10,12.0810939564728,23.455186348387
5,111,73,84,12,4.05756709096323,9.35637234538735
5,112,33,46,14,4.70477018874522,13.6071870929208
5,112,68,84,17,3.01487558489265,8.0591347148059
5,113,33,46,14,2.96869244324889,8.15176779383912
5,113,68,84,17,4.1829400057378,8.78829543490571
5,114,33,46,14,3.14747457622309,7.13009122918631
5,114,67,84,18,4.76396907226331,8.12043158162913
5,115,31,47,17,2.09100880883032,4.51777385170669
5,115,67,84,18,4.84462905794927,8.23644991417552
5,116,11,23,13,2.08290527526176,4.31711682981571
5,116,62,85,24,3.55217345698009,11.3875083839557
5,117,60,80,21,5.41927683425166,12.9249607218122
5,118,8,20,13,4.18156297362792,7.23575433392229
5,118,58,80,23,7.44145381084044,15.7383839656183
5,119,6,16,11,2.52316457276706,5.72597661984513
5,119,57,79,23,8.0527051707507,15.9663152692607
5,120,2,14,13,3.4923394575387,7.85383840161738
5,120,57,80,24,6.03357901792658,14.4241120707753
5,121,2,12,11,2.60593859276132,4.31794004631291
5,121,58,72,15,4.00405882396595,11.2021814845597
5,121,74,90,17,3.26977590389381,10.481037060155
5,122,31,71,41,2.12655741434704,11.9455596162205
5,123,57,72,16,3.84264884948382,13.5796039329031
5,123,74,81,8,2.55865014723263,5.3340110087469
5,124,22,51,30,2.0020647711962,4.94625583213214
5,124,57,72,16,2.96780303423796,7.00820389305521
5,132,83,90,8,2.7869945049572,5.19747467435566
5,133,83,90,8,2.5886427134983,5.51202118986704
5,134,82,90,9,2.20433731845964,4.76688703293307
5,137,82,90,9,3.21971327533462,6.61878456456274
5,138,48,90,43,2.72612465309764,15.5069288096294
5,139,28,39,12,2.43641219903945,6.17673629137444
5,139,57,90,34,3.52316184558812,21.2492115264785
5,140,28,36,9,2.46248627456274,4.86086510283819
5,140,83,90,8,7.53075292877613,15.2617934452816
5,141,84,90,7,7.06557471352432,16.7492358806176
5,142,2,15,14,2.81182369639078,4.83908728451796
5,142,56,79,24,2.35780406280274,6.27504341146939
5,142,82,90,9,7.07586736253145,17.5648032837607
5,143,71,90,20,2.61351470675844,8.9219416145514
5,144,57,69,13,2.98055774367963,7.10361952893986
5,144,83,90,8,3.12254051617832,8.09658884755445
5,145,57,68,12,3.02111178030523,5.40803171266336
5,145,84,90,7,3.28688377750584,5.53451245705562
5,146,57,69,13,2.75093998003666,5.35215874947944
5,146,83,90,8,5.60987521388696,8.8489728606298
5,147,56,90,35,2.23063671432,5.0993135364913
5,148,2,17,16,2.20471036138766,4.38037012850023
5,148,83,90,8,2.83369999511484,3.67799359691404
5,149,2,17,16,3.68184509237452,5.95647087997334
5,149,57,90,34,2.45740105453786,6.07283664817661
5,150,2,24,23,2.4746911501796,5.11730952337382
5,152,40,49,10,2.06293331929872,5.31473528872757
5,152,52,65,14,2.03237365859976,6.27339321502412
5,152,69,90,22,2.66512951017229,4.53922854232382
5,153,52,60,9,3.69051619066893,8.52242060515928
5,154,53,60,8,4.09566202255829,9.06483409810967
5,155,52,59,8,3.10167287285513,7.49301975810542
5,156,2,11,10,2.48279030660108,3.80940481722226
5,156,21,31,11,2.78276302862577,5.51591984395277
5,157,2,10,9,4.91615009583569,9.41119276940236
5,157,20,31,12,2.58710819520539,5.70377941854824
5,158,2,10,9,5.39215160316043,9.87192220874476
5,158,21,31,11,2.35090552831297,4.08066713696883
5,158,57,64,8,2.56510437929543,5.71319969879282
5,159,2,16,15,2.44445340313855,5.65075210039676
5,159,21,31,11,2.01152439604853,4.2365706681584
5,159,43,54,12,4.00280972787357,6.26563323833328
5,160,21,30,10,2.73435397679247,5.30563441901412
5,160,42,54,13,4.06459654289784,10.5944938222332
5,161,39,53,15,4.92916449303791,15.4124461286291
5,161,85,90,6,4.47801783362422,8.31009646383081
5,162,20,50,31,3.13724767643643,15.7102676481206
5,162,84,90,7,3.74784824585912,4.83511771355534
5,163,19,48,30,4.77838203150278,14.3761314976684
5,163,59,72,14,2.59538687569883,6.07161443949978
5,163,83,90,8,4.56431397091923,6.84858538580036
5,164,28,46,19,5.74855770747801,11.8833475270032
5,164,59,64,6,4.21060195511852,9.35366592492902
5,164,82,90,9,4.01209313518154,6.32207141357917
5,165,28,45,18,9.01100994952525,16.2531005503419
5,165,60,64,5,2.79028544612201,6.98804841500945
5,165,77,90,14,2.72226778187099,6.06625216318215
5,166,27,44,18,10.6641498645317,20.7990724224487
5,166,76,90,15,3.22022718126675,4.70877630957118
5,167,24,44,21,9.23084712322125,22.4463987493602
5,167,72,90,19,4.13062980934829,9.6625931530786
5,168,22,43,22,6.33227841820966,13.9277107938246
5,168,74,90,17,4.52682595397339,14.8446394888818
5,169,22,43,22,5.37141964181938,12.8029898976403
5,169,71,90,20,3.11050054089665,11.2870600861243
5,170,22,41,20,2.62884259501267,5.59230803140846
5,170,70,90,21,2.40961710862608,10.4006566204613
5,172,4,11,8,2.16281384098154,4.51498737150859
5,172,22,39,18,3.35341780385426,7.20861724743611
5,174,23,45,23,2.98325242641334,8.30465242820983
5,174,84,90,7,3.31894259305554,4.92707229423539
5,175,24,33,10,4.31986476805632,7.1801518408738
5,175,85,90,6,2.05718722243224,3.10908660010727
5,176,23,33,11,3.73806176856157,7.54487414591797
5,177,23,32,10,4.56842723099973,10.2876620114438
5,178,22,36,15,2.82927782870141,8.38263856900596
5,178,53,62,10,2.51055370962914,4.78584331986041
5,179,21,30,10,2.86999737586586,6.45658428452741
5,179,53,63,11,2.27544086573159,4.75872102378659
5,179,72,77,6,2.18342653357157,5.02213629203998
5,180,2,6,5,2.13883651181487,4.78740291609342
5,180,53,64,12,2.70904981667825,6.42158413013428
5,180,69,77,9,5.54720986349844,11.5965091758269
5,180,84,90,7,2.00545611819721,5.80659627261324
5,181,53,65,13,3.47500809154526,6.52608857980037
5,181,67,78,12,11.095743599129,21.5966559197364
5,181,83,90,8,2.25947063937377,6.28798306459234
5,182,40,78,39,7.29340328736127,33.7295506156227
5,184,53,78,26,8.29522712425476,20.0270291125448
5,185,49,77,29,7.73964046741075,16.4942976918389
5,186,49,76,28,5.50181358853881,13.9020330723598
5,187,50,62,13,2.46081564195766,5.00599867723634
5,187,66,76,11,2.82652598015209,6.35730511657913
5,188,71,77,7,2.0745995655713,5.48037266237602
5,190,83,90,8,2.0175539550508,3.33343313560806
5,195,2,9,8,2.23654899364825,4.00955868209746
5,199,60,73,14,2.17858385,4.676904
5,200,60,72,13,2.63489687923077,5.474749
5,201,59,72,14,3.75507302857143,7.399205
5,202,75,81,7,2.51857158571429,6.323314
5,203,75,80,6,2.8980775,6.381204
5,204,75,86,12,2.12886465833333,6.254637
5,218,3,14,12,2.06261138833333,4.454695
5,219,2,11,10,3.00742166,5.524397
5,220,2,11,10,3.87126688,6.974117
5,221,2,9,8,5.22593578875,8.873566
5,222,2,8,7,3.05511097142857,5.678793
5,223,2,6,5,5.39562098,9.12367
5,224,2,6,5,7.18147668,11.43132
5,225,2,7,6,8.08643433333333,13.14436
5,226,2,17,16,8.3948171875,17.17196
5,226,60,73,14,2.14446635714286,4.150048
5,228,58,74,17,3.85942809411765,8.956639
5,229,61,73,13,3.09340511538462,7.540003
5,230,2,8,7,2.07091842857143,3.73011
5,230,13,21,9,2.11708426666667,4.593015
5,230,32,42,11,2.75122396363636,6.034525
5,230,53,72,20,2.458869105,8.267317
5,231,2,8,7,2.47080842857143,5.82849
5,231,15,21,7,3.005276,5.505404
5,231,60,70,11,2.06271667272727,6.250819
5,232,2,10,9,2.98509078888889,5.491536
5,232,15,22,8,2.5662017025,5.66208
5,232,59,70,12,2.08872875833333,4.657992
5,233,2,10,9,2.58664035555556,4.939002
5,233,15,22,8,2.0345103625,3.74664
5,241,85,90,6,2.9214725,3.551271
5,242,84,90,7,3.79996442857143,4.865845
5,243,83,90,8,2.35435577625,4.043832
5,244,5,29,25,2.14851022,4.725936
5,245,5,29,25,2.52425452,7.158339
5,246,5,30,26,2.06874201769231,6.696289
5,255,32,44,13,3.37663185923077,6.093175
5,255,56,65,10,2.07734909,5.016865
5,256,22,44,23,3.1210494826087,10.75382
5,256,56,62,7,2.05553862857143,4.645641
5,257,32,43,12,5.7455639,11.7274
5,257,57,62,6,4.47280911666667,8.167718
5,258,32,44,13,8.50760363076923,18.7721
5,259,16,44,29,5.60877432862069,15.14744
5,260,2,10,9,2.23810963333333,5.139545
5,260,17,45,29,5.44247069755172,15.61035
5,261,2,9,8,2.534450225,5.038277
5,261,32,46,15,8.66376836666667,14.97916
5,262,3,10,8,2.63459755,6.441627
5,262,34,46,13,10.5269755384615,16.82123
5,263,34,46,13,7.06800174615385,14.54487
5,264,34,47,14,4.57246936428571,11.69355
5,265,34,47,14,3.52709105571429,10.19291
5,266,34,47,14,3.09845578571429,7.144191
5,272,33,46,14,2.36536955714286,5.253768
5,273,36,51,16,2.727874889375,7.33689
5,274,33,45,13,3.73118803076923,7.862944
5,275,30,42,13,7.37647414615385,14.6265
5,275,47,62,16,2.12978096875,4.156974
5,276,31,41,11,10.9777516909091,22.66945
5,276,46,60,15,3.67283648,7.772882
5,276,73,80,8,3.55570073125,7.699831
5,277,2,10,9,5.46171517777778,12.15346
5,277,24,27,4,2.3635085,4.687426
5,277,31,39,9,10.2673135777778,19.647
5,277,46,59,14,4.09952506428571,10.32299
5,277,73,80,8,3.5732607625,8.22703
6,1,73,90,18,5.76912912222222,9.204502
6,2,73,90,18,6.25764483333333,10.80347
6,3,73,90,18,6.680392,11.33782
6,4,73,90,18,7.33967522222222,11.62725
6,5,72,90,19,8.37779546842105,13.44058
6,6,72,90,19,11.2407476473684,17.72595
6,7,72,90,19,15.3260544210526,23.88132
6,8,71,90,20,17.70585576795,27.64143
6,9,71,90,20,19.49579365,27.27784
6,10,58,68,11,2.46678122727273,5.952611
6,10,71,90,20,17.29163325,24.07999
6,11,58,90,33,10.7538622787879,23.1459
6,12,58,84,27,12.1651928925926,27.12269
6,12,87,90,4,14.7563375,18.28709
6,13,58,83,26,15.2880295115385,33.33598
6,14,2,5,4,4.3288482,7.410962
6,14,58,73,16,14.9489899375,35.1748
6,14,79,83,5,12.4178094,23.58586
6,15,2,5,4,6.366375,12.90321
6,15,58,64,7,11.8888462857143,32.22254
6,15,80,84,5,11.891055,27.84155
6,16,2,5,4,3.97087075,14.0536
6,16,58,71,14,16.8296558714286,34.41909
6,16,80,90,11,8.05293302909091,24.89089
6,17,58,64,7,11.0537046,30.77372
6,17,68,72,5,20.576752,33.01576
6,17,79,90,12,9.42318,26.9656
6,18,58,64,7,11.7316603742857,33.09998
6,18,79,90,12,7.33841991666667,14.57626
6,19,58,69,12,12.4793825,25.9307
6,19,83,90,8,9.562090125,15.36257
6,20,57,69,13,11.7724620769231,26.10807
6,20,83,90,8,10.629302125,16.30522
6,21,56,65,10,14.6135914,34.59648
6,21,85,90,6,14.8885316666667,18.03677
6,22,56,64,9,18.9841454444444,32.3888
6,22,68,78,11,14.7830366363636,29.8885
6,22,83,90,8,14.480733875,21.14812
6,23,55,59,5,19.0898624,32.97948
6,23,68,77,10,9.364174,19.64565
6,23,82,90,9,11.8408133888889,18.43281
6,24,24,28,5,5.7141252,10.87076
6,24,43,57,15,7.13124456,30.01956
6,24,67,74,8,13.4618125,23.51349
6,24,76,90,15,3.81399318,11.93525
6,25,23,29,7,4.66813047142857,12.48906
6,25,42,57,16,10.61216065625,35.61824
6,25,61,73,13,18.9954169846154,27.45692
6,25,76,86,11,11.0132744545455,18.36995
6,26,23,29,7,5.96271627142857,11.43541
6,26,42,73,32,10.450832175,24.60592
6,26,77,86,10,17.0455288,28.64739
6,27,22,30,9,4.60256542222222,9.505545
6,27,43,58,16,9.29201573125,23.13031
6,27,63,72,10,11.30546508,22.5927
6,27,82,86,5,10.963545,28.57075
6,28,20,31,12,3.67033237833333,7.469412
6,28,43,57,15,7.83466406666667,22.09375
6,28,65,73,9,11.5464728888889,23.75268
6,28,82,90,9,6.94419397777778,26.66101
6,29,19,34,16,2.49951096875,4.852001
6,29,41,57,17,6.01431478235294,20.27174
6,29,64,73,10,11.25706465,24.06849
6,29,83,90,8,12.126899125,23.53479
6,30,14,57,44,2.82207239159091,16.52661
6,30,64,73,10,9.69105471,19.88192
6,30,83,90,8,16.07023625,26.38002
6,31,12,27,16,2.775604275,6.455614
6,31,32,56,25,3.8667714376,11.99074
6,31,64,72,9,8.5659544,14.88126
6,31,77,90,14,20.0549781428571,34.09234
6,32,11,26,16,4.0509298875,7.34776
6,32,32,56,25,3.926621688,9.047115
6,32,64,72,9,5.12846013333333,11.05082
6,32,75,90,16,18.192139230625,34.03532
6,33,10,25,16,5.99902723125,12.04905
6,33,32,53,22,4.12607415454545,8.670645
6,33,64,69,6,3.60159138333333,7.43347
6,33,72,90,19,16.4155550621053,32.38689
6,34,10,24,15,8.91714534,17.23466
6,34,33,51,19,4.07567394736842,8.77781
6,34,72,90,19,15.1822445263158,26.89544
6,35,5,24,20,7.9009189345,20.32372
6,35,35,50,16,3.6925605375,11.59605
6,35,57,67,11,2.62622652727273,4.815917
6,35,72,90,19,12.7119593684211,22.60334
6,36,5,23,19,9.54673067894737,23.03768
6,36,37,45,9,7.97261662222222,15.83622
6,36,57,67,11,6.1090892,8.502175
6,36,72,90,19,11.0003777894737,20.07222
6,37,5,23,19,12.1944035263158,29.75237
6,37,37,45,9,11.2229378555556,23.6388
6,37,57,68,12,9.1354475,14.55851
6,37,72,78,7,5.90283657142857,12.52784
6,37,80,90,11,13.2432576363636,17.9629
6,38,4,12,9,11.0159128111111,33.32497
6,38,17,22,6,17.7301293333333,26.63473
6,38,57,68,12,12.2034595,23.00544
6,38,72,78,7,7.40217174285714,16.02551
6,38,80,90,11,13.4700896363636,16.12464
6,39,4,12,9,13.3697927777778,30.78443
6,39,57,69,13,9.27428283076923,23.0775
6,39,71,78,8,9.4690625,19.90527
6,39,80,90,11,13.9774018181818,19.12711
6,40,4,14,11,16.6842021818182,35.32475
6,40,38,45,8,18.185234375,33.1256
6,40,58,63,6,6.225662,11.89683
6,40,67,90,24,11.0213473375,24.30578
6,41,5,13,9,18.50125,29.39775
6,41,29,34,6,3.69885526666667,10.72682
6,41,39,45,7,13.7553127142857,23.54876
6,41,68,90,23,11.3132372217391,30.54118
6,42,5,13,9,19.6390852222222,30.40214
6,42,29,34,6,8.454127,16.37113
6,42,39,45,7,7.11933,13.90527
6,42,67,84,18,12.7587668,33.1104
6,42,87,90,4,5.6719745,7.479657
6,43,5,13,9,20.3463695555556,31.83659
6,43,29,34,6,11.9628500333333,21.69635
6,43,40,45,6,3.56261283333333,7.115207
6,43,66,83,18,12.2294110055556,29.44995
6,43,87,90,4,3.062332925,4.447676
6,44,6,16,11,18.1761897363636,23.77231
6,44,29,34,6,12.3207735,22.42779
6,44,61,76,16,11.79838936875,27.42273
6,44,79,85,7,6.92709628571429,13.18699
6,45,6,16,11,12.0762291818182,22.09597
6,45,29,34,6,10.8603090833333,19.83379
6,45,42,47,6,2.65945345,4.647566
6,45,61,74,14,15.0297306428571,28.60832
6,45,79,90,12,8.13167949166667,16.59307
6,46,6,13,8,10.548937925,19.22403
6,46,29,34,6,8.08740366666667,15.08187
6,46,42,48,7,4.18334915714286,7.935701
6,46,61,67,7,13.7647576857143,32.24855
6,46,79,90,12,7.18600366166667,14.70553
6,47,6,12,7,6.96673271428571,14.92577
6,47,29,35,7,4.57967912857143,11.15976
6,47,42,49,8,5.650446,10.87528
6,47,60,73,14,14.9732958928571,35.13463
6,47,79,88,10,4.76295681,9.54367
6,48,7,12,6,4.22284866666667,10.63896
6,48,16,21,6,6.25161966666667,12.17425
6,48,27,35,9,2.19300762222222,6.274433
6,48,41,50,10,5.03924003,10.63925
6,48,58,73,16,11.9776224375,31.53496
6,49,8,12,5,3.5023322,7.187651
6,49,15,22,8,8.759875,19.11206
6,49,39,50,12,4.55088779166667,8.275269
6,49,57,73,17,9.494902,21.17226
6,50,9,22,14,8.49655578571429,20.9722
6,50,33,51,19,3.22642607894737,5.954933
6,50,56,73,18,7.13781263333333,13.37404
6,51,10,22,13,10.9967692307692,19.03789
6,51,33,51,19,3.58402616315789,7.3355
6,51,56,68,13,11.3473128153846,20.24295
6,51,77,85,9,4.33397133333333,6.442856
6,52,10,22,13,12.1262913076923,19.69118
6,52,33,52,20,3.158822865,7.377998
6,52,56,62,7,16.8930892428571,31.3841
6,52,75,88,14,11.2763461071429,19.98975
6,53,10,22,13,11.8387329230769,24.14883
6,53,33,52,20,3.46527839,7.872774
6,53,56,61,6,16.4444925833333,31.77949
6,53,76,82,7,20.5567565714286,29.01674
6,53,86,89,4,11.716526575,24.8554
6,54,10,22,13,10.8623601230769,24.82941
6,54,33,52,20,4.210966465,10.23167
6,54,56,61,6,16.1097241666667,29.30281
6,54,76,90,15,17.6030322666667,29.76858
6,55,2,5,4,5.042691,13.43422
6,55,10,22,13,9.53741627153846,21.70695
6,55,41,52,12,7.83174095833333,12.50799
6,55,56,70,15,16.7138354,31.62525
6,55,77,90,14,13.3574651428571,22.40722
6,56,2,7,6,9.52060178333333,26.30156
6,56,8,21,14,8.71245761428571,17.44402
6,56,41,53,13,7.93562080769231,15.29051
6,56,55,71,17,12.5495412411765,22.23865
6,56,78,90,13,9.479795,18.18584
6,57,2,21,20,10.368393,31.63269
6,57,41,72,32,9.11209137784375,16.89465
6,57,79,90,12,6.28672616666667,11.7823
6,58,2,21,20,9.74217815,28.29186
6,58,42,72,31,8.77562175483871,16.63213
6,58,80,90,11,4.74885363636364,6.421988
6,59,2,21,20,8.127562685,19.49763
6,59,36,51,16,4.93380274375,13.81844
6,59,53,73,21,7.61991796190476,14.8636
6,59,81,90,10,2.6911888,5.165307
6,60,2,15,14,9.18870585714286,24.71066
6,60,36,50,15,4.58836888,11.00127
6,60,54,69,16,9.78009784375,15.51391
6,60,70,77,8,3.4338797625,7.427258
6,60,84,88,5,2.4705494,4.77014
6,61,5,14,10,12.03690423,26.49936
6,61,37,49,13,5.21373221153846,10.19103
6,61,54,79,26,11.1427827903846,28.15225
6,62,6,15,10,11.6156779,24.80828
6,62,21,27,7,4.82702744285714,9.454297
6,62,39,49,11,7.07342419090909,15.1948
6,62,55,74,20,12.32601745,36.28092
6,62,78,86,9,5.79069229111111,23.04181
6,63,5,15,11,14.1999731363636,26.27704
6,63,22,28,7,9.29174571428571,16.78977
6,63,40,49,10,8.49696174,17.05876
6,63,55,88,34,14.3058817352941,31.3137
6,64,2,16,15,13.8687432666667,30.08834
6,64,22,28,7,12.2007381428571,20.24521
6,64,41,50,10,8.93295401,16.32004
6,64,56,90,35,11.5009897714286,33.29255
6,65,2,16,15,15.9193706,32.00537
6,65,22,28,7,11.4163591428571,19.22518
6,65,41,51,11,8.61802463636364,15.41004
6,65,58,72,15,5.69334934,17.07168
6,65,78,90,13,19.9951173076923,33.16758
6,66,2,16,15,16.9798338666667,30.41254
6,66,23,28,6,11.128423,17.13255
6,66,41,51,11,9.16427002727273,15.61364
6,66,61,70,10,6.94734851,16.20811
6,66,78,90,13,16.8995386923077,28.21698
6,67,2,16,15,18.0244322666667,27.64646
6,67,23,29,7,7.69270785714286,17.13745
6,67,42,51,10,10.02702,17.41543
6,67,62,69,8,8.0441348875,16.00333
6,67,78,90,13,9.85533246153846,16.75226
6,68,2,15,14,20.5028003571429,31.39378
6,68,23,29,7,8.50132548571429,18.90735
6,68,42,50,9,10.6505242666667,19.6949
6,68,63,69,7,8.00958185714286,14.84201
6,68,78,90,13,2.90732192307692,6.246688
6,69,5,15,11,16.3401254545455,31.24543
6,69,24,29,6,12.7439023333333,22.61942
6,69,42,49,8,11.168714125,22.09415
6,69,63,69,7,5.59774514285714,12.24278
6,69,77,83,7,2.0330309,4.428126
