"cellIndex","windowIndex","frameIndex","termination","Duration","avgSpeed","maxSpeed"
1,1,2,11,10,2.21218900853808,5.34865618700759
1,1,25,33,9,2.48165995237261,5.24761575212294
1,1,63,74,12,5.70171924122313,8.98546012549022
1,1,79,90,12,2.36911010276933,5.5360001486906
1,2,25,33,9,2.39355628185748,4.74397607568315
1,2,63,74,12,4.23727966652935,7.27691464504855
1,3,25,50,26,2.75764347151749,7.27019389981887
1,4,24,50,27,3.430911831719,10.2091113984084
1,4,78,90,13,3.04732324079742,7.30192622037654
1,5,24,33,10,5.8130591712193,10.0352867835865
1,5,37,50,14,3.27298702150246,7.87358720478873
1,5,78,90,13,3.97077125056513,9.26882635405907
1,6,24,37,14,3.38782187138499,8.25977748130327
1,6,40,51,12,4.9560646794938,11.8917657799886
1,6,79,89,11,4.97530584479754,8.5091207806127
1,7,2,17,16,2.12660079617448,4.83521521572428
1,7,24,37,14,3.06936367010522,7.11497957771971
1,7,42,51,10,5.69609675781161,12.8134637357239
1,7,79,89,11,5.77835550802723,10.6985696674472
1,8,2,17,16,2.91212524701576,5.65457778066541
1,8,24,37,14,2.9849427171004,6.00715789807658
1,8,43,52,10,4.32720881723798,10.5244957547195
1,8,80,89,10,7.17673092047033,13.0636523169672
1,9,2,17,16,2.6492535321352,5.26979195997698
1,9,24,37,14,2.66097588186012,4.97858425967909
1,9,45,53,9,2.69220035715385,7.03121514942017
1,9,65,74,10,2.65946851922562,5.55800444439964
1,9,80,88,9,8.31867595033455,14.2763045572895
1,10,23,38,16,2.12346092536911,4.33425896658742
1,10,66,75,10,4.7397833929426,9.74767480548212
1,10,79,88,10,7.07466930330774,13.9489658301764
1,11,66,76,11,4.83260442516403,11.3404055492737
1,11,79,88,10,5.89411277632963,10.2785176357269
1,12,23,33,11,2.55574317604861,6.20734586182155
1,12,65,76,12,3.99525218988395,9.40431880464447
1,12,79,88,10,3.5498761425822,5.90950898720598
1,13,23,34,12,2.98705998734618,7.09093626177402
1,13,54,58,5,2.20450339320697,4.15897668902335
1,13,63,76,14,2.86170945296715,6.60658099280246
1,14,23,34,12,2.73331467189993,6.62570372861816
1,14,63,76,14,2.20746922384188,4.78863712532096
1,15,23,34,12,3.31339644248371,6.55967018414025
1,16,23,33,11,3.62251330893728,6.70107515364517
1,17,23,33,11,3.72174580615473,6.85232562738755
1,18,23,33,11,2.96633308602407,5.96740706279025
1,19,23,32,10,3.10259436998227,6.00593364734723
1,23,23,33,11,2.77467700910542,5.80296128369658
1,23,65,75,11,2.16878540516899,4.31569655709514
1,24,23,32,10,3.46285965822959,6.38472330941659
1,24,66,75,10,2.3379869603936,3.59202693047895
1,25,23,32,10,3.34195354233864,6.43491827553773
1,25,65,75,11,2.1053863867575,3.67828599480884
1,27,66,76,11,2.06132770171154,3.81957670965866
1,28,23,34,12,2.71672712347777,5.68341596744332
1,28,66,76,11,2.16507282578305,4.13368357844302
1,29,66,76,11,2.19363083594648,4.1075407514125
1,31,23,59,37,2.03972585945425,5.88575339488544
1,34,24,34,11,2.35092056787927,4.56590510279335
1,35,24,33,10,2.93085719552548,5.28123994783204
1,36,23,33,11,2.62594916719184,5.66774062037661
1,37,24,33,10,2.47440717768598,5.22584539639254
1,38,24,33,10,2.88667320256784,5.47891363136402
1,39,23,33,11,2.79665751491019,5.62714825637173
1,40,23,32,10,2.07696648523861,4.92141953886697
1,41,23,30,8,2.82309605895159,5.90036695834355
1,42,23,31,9,3.35076656908743,7.01507258179107
1,43,2,19,18,2.17133993350105,4.71539245683408
1,43,23,40,18,2.2460631898248,5.84670728403298
1,44,2,18,17,3.21986936289484,5.91026520632031
1,44,25,39,15,2.62021913600754,5.29835433337631
1,45,2,18,17,4.22064173359432,8.38203809549497
1,45,25,39,15,2.14113321570331,4.34593102641665
1,46,2,18,17,4.51276140249695,8.9490832543321
1,46,24,33,10,2.67779505600756,5.66861181827491
1,47,2,18,17,3.3942510650252,6.48401126471377
1,47,24,32,9,3.51726992705198,6.49739689451274
1,47,35,41,7,2.72575910727795,6.46312227794613
1,48,24,32,9,2.68823082618857,5.57729736497518
1,49,24,32,9,2.33594450466458,4.82817992572279
1,50,24,32,9,2.97043478461211,5.36002987564753
1,51,24,32,9,2.84936906324246,6.18268387196303
1,52,2,12,11,2.06060582343221,5.2961858771634
1,53,2,10,9,2.46797679737226,7.16535247719352
1,54,24,30,7,2.01602501005008,3.98469265751636
1,54,37,41,5,2.05991188351484,4.19420218943008
1,56,24,31,8,2.52850790149013,4.96790352712015
1,57,24,32,9,2.79353699918307,5.95140605394174
1,58,25,33,9,2.46451527569221,4.55778757225962
1,59,2,5,4,2.21624875634917,6.0858959977342
1,64,81,90,10,2.02991872667592,4.05788696210231
1,65,80,90,11,2.09072777850158,4.16740655465958
1,66,24,31,8,2.48740283146421,4.2057518848086
1,66,80,90,11,2.15015205651368,4.1372341402847
1,67,23,31,9,3.59555119589993,6.9342855241948
1,67,80,90,11,2.62387341027852,6.42185338910736
1,68,23,32,10,2.5145615260894,5.65838216678097
1,68,51,57,7,2.02881726485848,3.40429602986181
1,68,79,90,12,2.78902124644741,7.20783563913181
1,69,23,31,9,2.15725515546595,4.37429339531131
1,69,79,90,12,2.89461482310061,6.84187952153975
1,70,23,31,9,2.19952649896372,4.18109667284872
1,70,79,90,12,2.69386498541602,6.67565878888021
1,71,23,31,9,2.27036267525739,4.51283295006709
1,71,79,90,12,2.93132162249434,7.02437233609164
1,72,23,31,9,3.72505537294486,8.05091919436333
1,72,79,90,12,3.36162255270948,6.95325023244923
1,73,24,32,9,3.54391217584812,7.83925529670779
1,73,44,58,15,2.26553296530816,5.55561635374208
1,73,79,90,12,3.07091250932133,6.62369702278477
1,74,24,32,9,2.88422264921237,5.87333953215387
1,74,44,58,15,2.19784537107411,5.4222832204124
1,74,79,90,12,2.38522660574061,6.7593195304955
1,75,23,32,10,2.00866382198474,4.28326510943573
1,75,44,58,15,2.02642382058343,5.42925696999337
1,75,79,90,12,2.40236394849595,7.2058503494373
1,76,78,90,13,2.78466900379542,7.22642817074887
1,77,79,90,12,2.95836653724829,6.30992096269599
1,78,79,90,12,2.26234910443415,4.76357739647029
1,79,80,90,11,2.45825046990716,5.37213584943978
1,80,23,31,9,2.04889280740036,3.79889620868597
1,80,80,90,11,2.89314823689259,6.80174220412185
1,81,24,31,8,2.50027375639097,4.40567339443938
1,81,79,90,12,2.7936987194416,7.33557162778609
1,82,24,32,9,3.19197891900283,6.74600162972031
1,82,79,90,12,2.59444899215097,7.33232244625387
1,83,23,31,9,3.3007114482746,6.63083005025058
1,83,44,58,15,2.16286531279503,4.81058542858779
1,83,80,90,11,2.76328810391177,7.27737818533159
1,84,44,58,15,2.21424041274255,5.33287188594923
1,84,80,90,11,2.86620126460818,7.29196800748072
1,85,24,31,8,2.42341962775891,4.88751476503245
1,85,79,90,12,2.74429455481559,7.3074029575702
1,86,24,31,8,2.03075221166402,4.686865695115
1,86,79,90,12,2.51540827460312,6.81334627063618
1,87,79,90,12,2.20312339683782,6.14343029291128
1,88,79,90,12,2.50252694322156,6.35970187317414
1,89,63,73,11,2.3898480463427,4.83716868039757
1,89,79,90,12,3.06112022365384,6.61426655373602
1,90,24,31,8,3.07241452011658,6.54861454916132
1,90,79,90,12,3.03109254188348,6.89863554082537
1,91,24,31,8,3.5369692690264,7.06345465733794
1,91,79,90,12,2.91420334670696,6.72685675914157
1,92,24,31,8,2.44057604534602,5.12272369772662
1,92,79,90,12,2.87735103519816,6.17414668071054
1,93,78,90,13,2.89436372708059,6.18717518587082
1,94,79,90,12,2.93669896839476,6.88724737213571
1,95,24,31,8,3.53881000904806,7.22733738894186
1,95,80,90,11,2.66128444774855,7.28381355072553
1,96,24,31,8,3.19616958816234,6.53577818058406
1,96,83,90,8,3.43758524000199,7.52603067877645
1,97,83,90,8,3.57154104317549,8.01609155399145
1,98,81,90,10,3.16652998766855,8.21294527073985
1,99,79,90,12,2.77802134345656,7.63918048447456
1,100,24,31,8,2.03697648596837,4.87761836785944
1,100,79,90,12,2.9160590614391,7.92901356206439
1,101,81,90,10,3.4967362798553,8.71227114951854
1,102,80,90,11,3.112263590889,8.77686772848246
1,103,80,90,11,2.68330493095198,8.31879716078955
1,104,81,90,10,2.46488271573553,7.7087376813499
1,105,83,90,8,3.49265470839302,7.96717492452726
1,106,83,90,8,3.53673356738984,7.52006200987162
1,107,82,90,9,2.78844370924076,6.64469574764852
1,108,21,30,10,3.49539260754666,6.98869143528394
1,108,81,90,10,2.62952186306136,6.2910342212319
1,109,18,29,12,4.91910979921276,12.3068674687723
1,109,81,90,10,2.78656973240048,6.09025183421623
1,110,19,26,8,3.28759150527543,8.05670104272609
1,110,41,58,18,3.03757894984391,9.69976486292465
1,110,82,90,9,3.43518742474735,6.45794289042135
1,111,40,59,20,2.56612722467632,10.1976772050726
1,111,82,90,9,3.71746420830563,6.85573401020958
1,112,43,72,30,2.88382689232154,7.28568601749312
1,112,81,90,10,3.2548512562952,6.85345827064443
1,113,43,72,30,4.70860151850067,17.410675032136
1,113,82,90,9,3.28211845344394,5.97862449391173
1,114,38,71,34,3.05208282051248,14.1202595141142
1,114,83,90,8,3.70895600685851,5.53360157393901
1,115,18,24,7,3.56599735204353,10.2582031624119
1,115,43,58,16,3.51131732289824,13.4688839528586
1,115,83,90,8,4.02077819449655,5.72134649293193
1,117,43,59,17,4.97484142127606,16.8416991900519
1,117,81,90,10,2.40277377849051,3.93974059045637
1,120,22,31,10,9.10287232347987,21.1166509802248
1,120,36,41,6,3.29184453524235,6.61203498436614
1,120,50,71,22,5.87067877446915,22.4939169362008
1,120,81,90,10,2.83058859088459,5.24703270918896
1,121,24,30,7,5.90272612604375,11.6793426913817
1,121,51,73,23,4.51122237515784,15.4530888710355
1,121,81,90,10,2.63186561055346,4.68019507982585
1,122,24,29,6,2.44311418160712,5.27159995316255
1,122,52,59,8,6.11879280231698,12.256778854516
1,122,81,90,10,2.3329044691744,4.14096517558179
1,124,52,72,21,5.59674900819536,22.476897339798
1,125,52,73,22,6.52369358873441,25.9292992483706
1,126,63,74,12,2.86968396512256,5.11002045584727
1,129,65,75,11,5.18822305394827,8.33203812594336
1,130,25,31,7,4.55027857003516,7.55613244778881
1,130,65,75,11,6.83559965479688,10.985173315299
1,131,64,75,12,3.7416228440841,8.74474988422717
1,131,84,88,5,2.88871971324841,5.42250432679814
1,132,64,71,8,3.09757990068865,6.24238663704913
1,132,84,90,7,2.8537066550827,6.75932735278361
1,133,2,5,4,5.0476390990327,10.2483802319853
1,133,23,30,8,5.44919106708445,12.4422286907662
1,133,64,70,7,2.36122260561516,4.43705106142562
1,133,83,90,8,3.59885181132806,7.54515381477697
1,134,2,6,5,4.52910780344595,11.0171515233457
1,134,24,30,7,7.54914726571975,14.9063692354037
1,134,36,50,15,2.85176260220626,7.2912732787711
1,134,64,71,8,2.20909447627401,4.00427482127832
1,134,83,90,8,4.6395958099567,8.71908741835228
1,135,2,7,6,3.02026924432539,8.07973049879428
1,135,24,31,8,7.84376839239581,16.2672304595783
1,135,82,90,9,5.5673451529861,11.6145441414401
1,136,24,34,11,5.8840648594148,14.5149483508856
1,136,37,46,10,2.40947368308422,6.23160024832327
1,136,82,89,8,8.21175994296124,16.6440867345903
1,137,23,35,13,7.03442111287593,17.631966767999
1,137,50,58,9,8.37000080816184,18.8311204206768
1,137,81,89,9,8.2812686958837,20.7790767655789
1,138,29,35,7,3.84858150940355,8.24391752043317
1,138,49,59,11,10.5339464285809,25.3929984463535
1,138,81,88,8,7.11638180062441,15.925043916149
1,147,24,31,8,7.71512413194458,14.6019219407629
1,147,54,58,5,2.19866102074214,4.86988595298723
1,147,83,90,8,12.939702781234,19.5521000240306
1,148,27,32,6,2.58990038556564,5.30570631622698
1,148,82,90,9,12.3611807574168,18.2871118151145
1,149,81,90,10,10.4545534070826,15.5531940214166
1,150,25,30,6,9.04694685635231,15.4917731743093
1,150,80,90,11,7.70096958209313,11.4869957544168
2,2,21,32,12,2.43202348640258,4.8833259322649
2,2,86,90,5,2.75954961692705,7.10693419485166
2,4,45,53,9,3.21728349020286,6.95495165435737
2,4,59,66,8,2.09952311948225,5.11878441973768
2,5,45,65,21,2.40216060146217,7.4856508068315
2,5,85,90,6,2.24659056493773,2.97724107558809
2,6,45,54,10,3.17933709405199,6.58307360015604
2,7,45,54,10,3.01095401662801,7.02850429362554
2,8,46,54,9,2.86662894957273,6.50765091197798
2,8,85,90,6,2.28407137757544,4.8726472120341
2,9,46,54,9,2.93539758643311,6.15799159164971
2,9,85,90,6,2.80167991533516,5.24297518791398
2,10,85,90,6,2.98931474202478,4.46459754901879
2,11,85,90,6,3.41672057912862,5.11584151466011
2,12,46,54,9,2.77407123041154,5.61239939629775
2,12,85,90,6,4.06227246248782,6.22350851178155
2,13,45,54,10,2.2052241087039,5.4767388986067
2,13,85,90,6,3.25612376745527,4.94151564948189
2,16,38,46,9,4.70515853015998,10.693898928803
2,16,86,90,5,2.01082996762524,3.51693452727904
2,17,39,46,8,8.49900993075027,17.4813196026605
2,17,84,90,7,2.61442884983861,4.82479494167629
2,18,15,32,18,2.66726228034489,7.9808108637469
2,18,39,46,8,12.5585262475534,22.4664044265226
2,18,84,90,7,2.21609650022063,3.7957687056854
2,19,7,12,6,3.39117093793814,7.11398778539619
2,19,16,30,15,4.95513068595373,9.50311675276202
2,19,38,46,9,12.3107210896819,21.7177288387275
2,20,7,12,6,7.33967289221521,13.7879501323355
2,20,16,29,14,5.51174712509907,16.0660681061476
2,20,38,45,8,12.9202364353496,25.0144369522976
2,20,70,75,6,2.24615780502026,4.701729110179
2,21,7,12,6,5.48273728520853,11.4554244703953
2,21,16,19,4,3.28646005625117,6.84639576025563
2,21,24,29,6,15.0433315313384,24.5322269963505
2,21,37,42,6,11.1983330193013,19.8430848303889
2,21,70,74,5,3.42470094709913,5.43642194771017
2,22,7,12,6,2.67746698659342,6.29272890360865
2,22,15,19,5,9.2303545069007,16.1055455836958
2,22,24,30,7,12.3496115734774,24.6872387036898
2,22,36,41,6,8.54181170017782,15.4651533847
2,22,50,56,7,2.03636422434497,4.73971261153579
2,22,69,74,6,4.64900883528799,8.45073381727595
2,23,15,20,6,11.5495447032896,23.7775188013355
2,23,24,30,7,11.5532491037192,23.0747972416758
2,23,32,40,9,8.661514634852,16.1330928185759
2,23,50,55,6,3.48132249615928,7.62877435260747
2,23,68,75,8,4.37769146691667,9.79115076960475
2,24,4,8,5,2.91897656249138,8.05178422527677
2,24,15,19,5,9.54263426781738,17.3555498336852
2,24,24,33,10,15.7493942737419,34.6279703093202
2,24,50,54,5,2.13808129465939,5.79874956834188
2,24,68,75,8,3.7652259985481,7.35597009134437
2,25,4,7,4,2.25650517712537,5.50421530325994
2,25,61,65,5,3.0900116104482,8.34744291778087
2,26,47,52,6,2.70919506339586,5.03002335516215
2,26,61,64,4,2.55561661682261,5.26417052103472
2,26,84,90,7,2.94163600793651,5.94071536234742
2,27,25,30,6,9.90564105168604,29.9574361739086
2,27,47,50,4,2.35054084383737,5.85570340277901
2,28,24,30,7,17.0305161091504,31.1328951714734
2,28,55,58,4,3.40315208500057,9.33927796884191
2,28,83,90,8,9.48531404932661,19.4146717553464
2,29,3,7,5,7.41999664780727,13.0857836199788
2,29,23,30,8,14.9708366792144,32.0053191475673
2,29,56,59,4,7.07408092322328,13.0277525954506
2,29,83,90,8,8.83092617761768,15.0701505900497
2,30,2,6,5,10.8796083870484,15.6435128717767
2,30,16,31,16,7.78596599401975,30.6712208380204
2,30,49,52,4,5.80754787095118,10.9138423198665
2,30,56,61,6,11.1123608026747,22.3164710232266
2,30,83,90,8,8.08920070865123,9.98285402154928
2,31,2,6,5,15.7149884172715,23.8458544758628
2,31,17,27,11,2.68711720273148,4.35674036691445
2,31,29,33,5,16.252780365357,33.6923717907321
2,31,49,53,5,5.82005685642747,14.5826312485468
2,31,56,62,7,9.74387930916546,22.2813618908766
2,31,83,90,8,10.8489153307584,23.3448823659603
2,32,29,33,5,11.6567071133891,28.992790797106
2,32,50,53,4,2.93914376437447,8.39189434846973
2,32,57,62,6,9.18897567188754,18.8322127178616
2,32,83,89,7,15.8890076494445,38.7948913537117
2,33,32,38,7,14.8623524232601,29.2456682894403
2,33,51,62,12,5.77733455070753,18.8380989316348
2,33,82,87,6,14.6690780308712,30.5159883955603
2,34,24,30,7,5.27453304741944,11.6916495653108
2,34,33,38,6,13.8324437924874,23.801895954815
2,34,52,62,11,6.63529850580294,15.7743201624471
2,34,81,86,6,17.763557367962,29.9259418505968
2,35,2,6,5,9.56730126164873,22.861040953272
2,35,24,30,7,8.28142885030051,17.3471378976372
2,35,34,38,5,11.1381210398613,17.356940546808
2,35,52,57,6,15.3278287880967,25.9049302328774
2,35,79,85,7,18.4028169999842,29.7190673664081
2,36,2,5,4,5.75525774872329,12.6905232967469
2,36,25,30,6,5.56211322635217,12.0432700139735
2,36,35,39,5,12.1159833781975,17.4862942723089
2,36,51,57,7,12.0645334455928,23.6105226201482
2,36,73,85,13,10.7600563439051,29.5540820070381
2,37,35,40,6,17.0000041063296,25.7610198370783
2,37,50,56,7,7.17481218510297,14.4770488843688
2,37,75,86,12,12.4360898576332,39.1857195460636
2,38,50,55,6,6.60235801091742,12.7287439231855
2,38,75,90,16,13.4261511675534,32.6638600458409
2,39,24,29,6,4.36536796490194,9.36008297602303
2,39,49,53,5,3.99689715511414,8.3906229923711
2,39,74,81,8,6.07575939821128,14.2091545201655
2,39,84,90,7,10.4697110925392,18.7612997748194
2,40,23,29,7,5.98809644827397,13.4342078084135
2,40,73,80,8,7.49283322286784,15.5028514978068
2,40,84,89,6,5.85464503633483,11.5789740634912
2,41,23,28,6,8.99690961471302,15.8692059006886
2,41,48,52,5,11.1030427355284,18.429343623071
2,41,73,79,7,11.1539762520217,22.0571565461623
2,41,85,88,4,4.15235073748804,6.70639595705138
2,42,14,17,4,2.71230861255047,5.42319679266536
2,42,23,29,7,6.85582395450612,14.6804220184922
2,42,47,52,6,17.9055612928938,28.4482812092159
2,42,62,67,6,2.19376401304497,4.9319614148372
2,42,73,79,7,14.3457545910774,30.0801108524061
2,43,14,18,5,2.99210795309413,8.86778785477289
2,43,23,29,7,6.65337420131719,13.2403757351259
2,43,43,48,6,20.2790641182618,30.9683846580105
2,43,62,67,6,5.67370611750204,9.97548247808048
2,43,73,78,6,18.4628445030522,32.0706613577726
2,44,2,6,5,11.1027357072353,20.0586091618594
2,44,22,29,8,5.12597456763104,11.4217538603788
2,44,62,67,6,3.76915939445453,8.55197559995779
2,45,2,6,5,3.96191090012144,8.03084904420511
2,45,15,29,15,3.58343889668988,10.7319998223217
2,45,62,67,6,2.62073816302303,8.19938643672282
2,46,3,7,5,2.54650332945813,5.53995405022973
2,46,17,30,14,2.76407065681252,7.03174390360288
2,46,37,41,5,23.2193998290896,30.4479432700879
2,46,62,66,5,6.858773946741,11.9706413153687
2,47,3,8,6,2.19231318996049,4.64595143882425
2,47,38,49,12,12.3541968905308,24.545975296266
2,47,61,66,6,7.45228292709039,16.9605118267817
2,48,38,48,11,9.88742856995644,17.6837969458041
2,48,53,58,6,4.84991496077565,10.2170987850212
2,48,61,65,5,8.92481380711137,16.2733065813065
2,48,71,80,10,15.8772443766635,24.945524458245
2,49,38,48,11,9.90592477968173,18.1881864425021
2,49,71,81,11,12.7453155926836,23.6364849223798
2,50,37,49,13,6.80528935565612,15.1664305717737
2,50,70,81,12,7.42867402640678,14.3311861014863
2,51,36,50,15,9.93220476952948,20.0662827288297
2,51,63,73,11,3.28384366883039,6.75815666187386
2,51,76,81,6,2.05974112006797,4.87728114020963
2,52,35,52,18,11.7157313133707,25.3925473791556
2,52,54,59,6,3.71974713447437,7.43084811763731
2,52,64,72,9,3.65719747703099,5.22839973978511
2,53,35,60,26,8.0522656966294,16.0383393295673
2,53,65,72,8,3.49293128827006,6.37796024717976
2,53,76,90,15,3.29932251761966,6.70918856833494
2,54,36,60,25,6.33423322198909,14.4075917585697
2,54,65,73,9,4.31137690395909,9.18442697081671
2,54,77,90,14,2.38260052041114,5.2146665130607
2,55,35,73,39,4.19784952152989,12.5068900295508
2,56,35,57,23,4.27855629445044,10.651619433584
2,57,78,90,13,2.40374580400127,3.03019445982061
2,58,78,90,13,4.03593376586618,6.60787544177689
2,59,78,90,13,3.72484469553263,4.81001521996019
2,60,16,35,20,4.11423058068815,7.3864476568329
2,60,43,56,14,2.37402485867144,4.98631539046629
2,61,17,40,24,4.74776780446489,12.9066646559157
2,61,43,56,14,2.28511686608886,5.05999072840362
2,62,2,8,7,2.05948872021456,3.43393599179941
2,62,18,26,9,5.92093412922267,11.2095452014656
2,62,29,37,9,7.36986620918143,15.4183751899282
2,63,2,9,8,3.00587889515108,8.01520941589539
2,63,19,26,8,4.99373466842605,9.97936284079298
2,63,28,41,14,4.81895071527057,15.0115189950531
2,64,2,9,8,5.47765560119036,11.9355279518441
2,64,19,27,9,3.34306697571336,7.9109660865823
2,64,29,41,13,6.81414661566704,17.3498345871351
2,64,48,53,6,2.43413335076518,4.82398401257608
2,65,2,9,8,10.2813013682969,19.477861800285
2,65,13,26,14,2.80999837623749,4.92448820636136
2,65,29,37,9,5.3281979849261,12.5602345749952
2,65,48,53,6,3.63962300705204,8.08587689368741
2,65,63,69,7,2.75129243730504,6.02864522855651
2,66,2,9,8,16.9256589775693,29.0109595756227
2,66,12,20,9,3.6642652133356,8.78017694552226
2,66,30,35,6,4.90150877695618,9.44694226240786
2,66,48,52,5,5.21498108021642,9.26485602913331
2,66,62,75,14,4.37699165215414,11.8334647005858
2,67,13,17,5,2.27789838990763,5.74246692861508
2,67,42,51,10,4.64837780817848,12.484382965081
2,67,63,76,14,4.82945121389039,11.238895557193
2,68,42,51,10,11.3940083669155,20.668563726502
2,68,71,77,7,3.06455266203819,7.39462881740776
2,69,12,22,11,3.31297776516921,8.51380053370099
2,69,40,52,13,9.78011184215472,23.1256214624821
2,70,2,22,21,11.0527377222579,27.0860853907891
2,70,40,48,9,12.477975875495,29.9938093414736
2,71,2,22,21,7.60805889529829,12.2574347138101
2,71,41,48,8,17.2340580802039,36.0883258431161
2,72,5,21,17,5.30799716736368,12.3252360420238
2,72,40,48,9,12.3331364807169,31.9551315264195
2,73,6,20,15,4.68406554580524,11.3972432769176
2,73,41,48,8,10.7846255065366,30.8168048463864
2,74,7,20,14,5.57344658539033,13.1802767577579
2,74,30,36,7,2.50423865330636,5.47339664036277
2,74,42,48,7,8.71128369800119,29.2823739200203
2,75,8,20,13,5.85367855234494,12.1747859469487
2,75,41,49,9,9.68649733901433,35.0604433816469
2,76,9,27,19,3.83079012971379,10.0994799059456
2,76,34,55,22,8.06808980202451,30.9801007023946
2,76,71,81,11,4.86988447496733,7.26070264794222
2,77,11,29,19,3.62578998364239,6.79169987522448
2,77,34,54,21,7.39086698865161,22.2181486514853
2,77,69,80,12,7.93694708357832,15.4112448282391
2,78,12,29,18,2.70060860036793,6.21553974623856
2,78,34,54,21,7.89687840654947,18.9526296146977
2,78,57,63,7,2.78908472575674,6.34870734264867
2,78,69,78,10,10.6300253862487,18.3801755349524
2,79,14,30,17,3.78107262592903,8.62950362313172
2,79,32,61,30,6.21893626439785,21.6048694026568
2,79,67,77,11,7.98065623231743,15.6996063741939
2,80,15,55,41,4.56098856700085,15.2804013350177
2,80,63,75,13,6.02266815645191,12.8290473785304
2,81,16,40,25,6.31208042417362,18.9594529019818
2,81,62,73,12,4.88963111569183,7.00434725126402
2,82,24,40,17,13.0371553755286,29.0258170801547
2,82,51,72,22,4.36416958449418,12.0798893342883
2,83,25,31,7,14.1605858022593,30.6981399073749
2,83,36,39,4,10.865750431825,23.2876575316205
2,83,53,70,18,6.413760129742,13.2612337258131
2,84,22,32,11,12.6500120265526,29.5951407990928
2,84,50,68,19,5.47528896618405,12.609036717775
2,85,21,39,19,14.9600989294064,32.2366400746621
2,85,55,65,11,2.22248705915429,5.3486907131555
2,86,20,39,20,10.7620573751274,19.4072580206442
2,87,2,9,8,8.00850779029539,14.4226518331725
2,87,18,36,19,8.57701096465657,24.5548521773076
2,88,2,8,7,13.2865053593094,19.9577867272154
2,88,17,33,17,9.76466370000628,26.5800829811894
2,89,2,8,7,10.790231388375,14.6171975582391
2,89,17,31,15,9.71588350130538,22.2690094478537
2,89,44,52,9,5.60142485730642,11.8086242773906
2,90,2,9,8,6.43352664621073,11.001346823153
2,90,18,32,15,8.68122585963235,20.209070541114
2,90,43,51,9,12.211532068424,23.7986784384004
2,91,2,9,8,6.59367798187246,14.2687377324693
2,91,19,33,15,7.40114855239273,17.3435442978296
2,91,43,51,9,12.3108421360606,23.429901759464
2,94,2,8,7,11.5449126476241,20.4801754016957
2,94,21,25,5,3.77331137979691,9.83176740898481
2,94,53,57,5,2.39422571512985,6.05145617495464
2,95,2,8,7,7.04464905697833,13.7609254118626
2,95,11,25,15,7.82880697613791,20.4928690489266
2,95,52,58,7,5.9481111313009,13.6118222027582
2,96,2,8,7,2.99512329421723,5.66070142344884
2,96,12,25,14,11.5854004079309,21.2795125040534
2,96,40,44,5,6.41784287785495,11.4688728956105
2,96,52,59,8,11.1523533012753,22.0143423307167
2,97,2,9,8,2.85754500829532,6.64010086115538
2,97,13,27,15,4.9132404155324,8.46582515843134
2,97,39,44,6,9.18778094243942,15.9843557123947
2,97,51,60,10,12.3814565794705,25.3215488614932
2,98,4,10,7,3.41226113871051,8.71841267612379
2,98,21,28,8,4.44478729092635,9.95442859319948
2,98,35,44,10,7.92054797658203,15.5351552152954
2,98,51,60,10,11.5796532353514,24.2999130445888
2,99,3,10,8,6.64297184225387,13.339941248384
2,99,23,29,7,7.66372955157107,12.8341826173214
2,99,33,43,11,10.6111933460831,21.8387985604495
2,99,51,59,9,13.0096720256914,23.5081631353945
2,99,87,90,4,3.14637981689995,6.44000505235471
2,100,4,11,8,8.06640097508551,16.1733703942067
2,100,23,36,14,11.1077690339852,35.0374066452524
2,100,51,59,9,11.5206908313691,21.4604677995117
2,100,82,90,9,5.00886822735307,14.5854563025017
2,101,4,11,8,9.31006767622208,16.7207885661976
2,101,22,35,14,11.8711344293509,35.7530258260892
2,101,50,58,9,10.9577446003229,17.1331085736296
2,101,83,90,8,11.7006906403745,21.0743063344341
2,102,3,12,10,6.95016210857356,14.0038245143348
2,102,23,41,19,14.1784839094982,35.2873212225209
2,102,50,58,9,9.03069100238215,15.5658820190199
2,102,82,90,9,15.0451674133148,20.0023569756704
2,103,5,13,9,3.94842706394487,8.18182769959868
2,103,25,41,17,12.8305948338511,28.7111002843962
2,103,49,58,10,10.078704472553,18.1902316144605
2,103,81,90,10,14.6591764640227,22.4168172979454
2,104,7,14,8,3.8719626536224,7.65573142463942
2,104,27,41,15,16.0402813588917,26.6867080933829
2,104,49,59,11,8.32736864177364,14.4486858316094
2,104,81,90,10,10.0405961462248,18.1836114638496
2,105,8,21,14,2.42545689288852,5.95737995076273
2,105,27,31,5,14.8105009820207,31.1619067704697
2,105,34,41,8,13.6693810869536,28.7064895534524
2,105,50,59,10,6.55175298334809,10.497032593462
2,105,81,87,7,4.7443517411986,9.42922938813759
2,106,9,22,14,3.07255867784608,6.07802034711606
2,106,26,31,6,14.9454002918694,35.2128935217932
2,106,35,40,6,7.41225875361917,18.8066686393728
2,106,51,59,9,4.35084897038274,9.22625927182196
2,106,80,86,7,3.0862713382767,8.33515085394359
2,107,25,30,6,12.0607754014827,28.9727570081012
2,107,34,40,7,7.83620739376684,27.3205882206835
2,107,51,58,8,2.87190369495531,7.28218469345958
2,107,79,86,8,8.36188473533978,15.9390626416554
2,108,25,30,6,16.1679616855104,33.1243740657206
2,108,34,41,8,6.35232034559093,23.5629609505965
2,108,78,86,9,13.5452260264187,23.3167207022698
2,109,25,29,5,16.5341149372531,31.902489821248
2,109,33,42,10,6.14259221311348,23.8410159497882
2,109,46,52,7,2.75104826055812,6.48385866799554
2,109,78,86,9,12.4983223535485,22.9026599895296
2,110,23,29,7,13.3127889548117,33.3670911298261
2,110,32,35,4,11.0978571278734,24.3634523130841
2,110,38,43,6,4.03507513975669,7.94010002512826
2,110,46,52,7,5.82950255739935,12.2035647669832
2,110,60,71,12,2.2952250445667,5.02024935040585
2,110,78,86,9,6.61657761909819,14.4292565854139
2,111,13,35,23,9.72995262713756,31.6352690211481
2,111,45,51,7,4.8570569263014,10.5598130875547
2,111,61,71,11,3.25562077855699,7.13484501120606
2,111,78,88,11,5.93771806843731,13.4270651422521
2,112,13,34,22,9.79740799161083,28.8114474785962
2,112,62,71,10,5.46389332324545,10.50954724739
2,112,78,87,10,5.90184706889486,12.4743540334287
2,113,13,20,8,2.92515075961627,5.47195208560631
2,113,23,35,13,11.7903961357559,28.4406040637849
2,113,62,72,11,7.19708350929244,14.5043724929148
2,113,78,87,10,4.48919999412001,8.03372570478391
2,114,12,19,8,2.57919422743951,5.16668315303453
2,114,24,35,12,12.626109311446,27.4516465192942
2,114,62,73,12,7.16725280194928,17.139183977135
2,114,78,88,11,4.65526494355953,7.68975260186649
2,115,11,20,10,4.36226414385375,8.29468632403719
2,115,24,35,12,11.6778829862579,25.0137416013391
2,115,61,88,28,5.05864088198328,13.6739605676081
2,116,10,20,11,5.02842358611404,10.1510813309874
2,116,24,35,12,8.88406832237702,19.1331543884072
2,116,41,46,6,5.28279496719662,9.89647285997741
2,116,60,88,29,4.43621334239752,17.5664102788021
2,117,9,19,11,6.64632396288289,12.2333565473371
2,117,24,36,13,7.06070931914678,13.3536420632897
2,117,40,47,8,3.28073806397191,7.21316102110861
2,117,79,90,12,9.08438390310804,19.1346664964945
2,118,9,20,12,6.67079440440802,12.3614437089813
2,118,24,44,21,5.56116172664355,13.0917744590615
2,118,79,90,12,8.81784609250838,19.0495322213831
2,119,11,20,10,3.18512915491586,6.02982274004963
2,119,24,43,20,7.2679954619271,15.3311435285068
2,119,80,90,11,8.97005134276978,16.877485580816
2,120,25,44,20,6.97585565971473,13.7874343454696
2,120,80,89,10,7.31507235339852,12.2755885873045
2,121,13,19,7,2.06774308233456,6.29707303645037
2,121,27,44,18,5.99121586937518,12.966246378767
2,121,81,90,10,4.82711478657406,8.32075243951708
2,122,10,19,10,6.27664195011727,10.7607822105055
2,122,33,44,12,5.72162315023874,10.8394085371776
2,122,60,65,6,2.3090796654356,5.11074188291755
2,122,81,90,10,3.18584497821757,5.79794609787248
2,123,9,19,11,9.1506847203058,15.551626537527
2,123,34,46,13,5.2134877835492,13.5313033156324
2,123,59,66,8,5.48179905825239,11.401478862304
2,123,69,76,8,3.68744507481649,6.38383795221748
2,123,86,90,5,2.06561017753562,2.84750617296876
2,124,10,19,10,10.3762209365824,19.9432337761111
2,124,34,39,6,10.8238376642135,19.7425404380813
2,124,58,66,9,10.2670757955116,21.9828762564356
2,124,70,76,7,5.77830536597,10.5576429217868
2,124,87,90,4,3.93836627242837,4.74909921766107
2,125,11,19,9,8.79701075011845,18.523625429874
2,125,23,27,5,2.27932267558104,5.32244741201951
2,125,34,39,6,11.422760990209,20.5620754662577
2,125,57,68,12,12.4563015454931,30.6375826163028
2,125,70,76,7,5.42389527530939,10.287422246281
2,125,87,90,4,2.95094645039294,3.89201845880174
2,126,12,19,8,6.70599571900331,13.9286221444253
2,126,23,27,5,3.41266596574708,6.16102281580828
2,126,34,40,7,8.05534946447217,16.8100545487095
2,126,57,77,21,10.7142676805565,32.8144342164274
2,127,13,19,7,5.4104034270788,9.90887598790276
2,127,23,28,6,3.03996504256276,5.82474839457064
2,127,34,40,7,7.15423721934282,14.1789064179475
2,127,47,51,5,2.47767365965432,4.57928294499081
2,127,57,77,21,12.4756400883053,31.9614026719453
2,128,13,18,6,2.005418679151,4.30553785613104
2,128,34,41,8,7.26116797806167,14.7954246616804
2,128,55,77,23,12.0833645896227,30.5827931599836
2,129,34,41,8,9.83142434479103,17.8876933464619
2,129,54,76,23,11.4420371085976,30.8660444122178
2,130,25,30,6,2.1203171685287,4.21101769455377
2,130,33,41,9,9.67232999639914,18.7886480858087
2,130,50,66,17,10.0135504761527,25.9625339581207
2,130,68,76,9,4.44850200978221,10.6183439018523
2,131,34,40,7,5.66339199470293,11.1242958111599
2,131,50,64,15,8.75556232686528,18.9284449093125
2,131,72,76,5,3.31753215346018,6.88971287681428
2,132,25,32,8,2.33367333600422,5.32049249201766
2,132,34,40,7,3.5883600783449,8.84475036682849
2,132,52,64,13,7.57502462028163,17.8680275523006
2,133,34,39,6,3.67672322501739,6.90179102528534
2,133,54,64,11,9.93477922912041,16.055287894573
2,134,19,30,12,3.9859977025136,7.11514411346228
2,134,53,65,13,9.34150607324256,19.2392381928833
2,135,20,31,12,5.03109179987527,9.81088670302457
2,135,47,65,19,5.8565644070929,18.929101541017
2,136,46,58,13,3.31766759399018,7.39666157520539
2,136,62,65,4,6.93089090832624,11.2970648061622
2,137,4,12,9,2.11989817320291,4.79830515645819
2,137,46,58,13,3.69130306900217,7.65293249757083
2,138,2,12,11,5.42431054420803,9.39439145070354
2,138,47,58,12,3.51164535955973,9.27396486430645
2,138,63,66,4,3.83334155671802,6.63754596801873
2,139,2,12,11,14.3589708191354,21.4228171196002
2,139,48,58,11,5.10759736963703,11.0678702866537
2,139,62,67,6,3.67822085904607,9.26258780924695
2,140,2,12,11,16.1023640321609,27.5583267370253
2,140,48,58,11,6.16420111693604,14.9587840379251
2,140,62,67,6,6.83513484691758,14.2540602938988
2,141,2,10,9,14.0046349424297,25.3709329377854
2,141,20,27,8,3.25677491699074,8.90946356953343
2,141,49,59,11,9.11100138544727,23.2070884657979
2,141,60,66,7,12.1190968892653,22.7021439838061
2,141,71,76,6,6.15446048552485,11.3728480120103
2,142,3,9,7,8.41515512974751,17.9653341505186
2,142,20,27,8,2.34909165084045,6.85894592025798
2,142,49,66,18,15.0482996340878,34.091404036106
2,142,71,76,6,7.15372015254238,14.0463021454456
2,143,4,8,5,4.41606922690494,9.84283180801105
2,143,22,27,6,4.50744926381386,7.79294112591315
2,143,48,54,7,12.9501307995553,35.7299589523896
2,143,58,66,9,11.4717711209058,23.4767812352806
2,143,70,75,6,5.71953878553021,13.0486560014055
2,144,5,8,4,3.95143951774534,7.77451167582762
2,144,23,28,6,2.99159180939215,7.01164449466652
2,144,48,54,7,13.2034520951537,34.792417664942
2,144,58,65,8,5.33948557878753,19.0170046978206
2,144,69,73,5,9.8914242964361,16.2619862970378
2,145,49,60,12,14.1103115610423,31.1926919565467
2,145,68,73,6,11.4046294427228,21.941528591386
2,146,50,65,16,12.2952422865116,27.9447202163283
2,146,68,73,6,12.0435250203505,22.903257775641
2,147,49,65,17,16.3102240258429,30.7481779396126
2,147,68,73,6,9.94377575734258,19.6382746603581
2,148,8,16,9,2.38727851643866,9.74290576477746
2,148,33,38,6,2.71145919721965,6.88856538469953
2,148,46,66,21,14.8888954003186,30.2792071706405
2,148,68,73,6,5.66975993724575,13.9269867041609
2,149,9,16,8,7.63141408831324,17.0897924618641
2,149,46,58,13,14.117662077276,31.0225316283697
2,149,60,65,6,2.84318731381298,7.05983857967941
2,149,69,73,5,3.61846542629716,9.7304839846601
2,150,10,17,8,11.8077571211137,22.8828583267533
2,150,47,65,19,10.7550064335148,29.1823988926679
2,150,69,72,4,2.6140124960228,6.02365045331686
2,151,10,18,9,15.0704362389348,30.217763864338
2,151,45,65,21,14.293290852677,34.2443325415895
2,152,9,14,6,16.7381033229671,33.9752112301001
2,152,45,48,4,18.2263570838127,38.6026800196571
2,152,54,65,12,5.66765305405207,18.7982602694621
2,153,9,14,6,15.7372845666327,33.7330233651812
2,153,45,48,4,19.8314300598026,43.6406657885525
2,153,53,56,4,11.5158172435929,27.9395572272482
2,153,86,89,4,2.48297881378031,5.49103492367852
2,154,10,20,11,14.3950085237508,31.4153561818352
2,154,62,66,5,3.46410064343266,6.2367470432051
2,154,84,89,6,5.15551812380052,11.0273050788895
2,155,9,20,12,9.65005278841729,23.215368874715
2,155,54,67,14,4.36687624767928,16.8315756047635
2,155,84,88,5,6.68793150527744,10.6416622930559
2,156,9,13,5,3.37264822311422,7.31598232820622
2,156,15,20,6,3.72885533064729,8.76381755516648
2,156,54,68,15,8.32024552020196,24.6375569115924
2,156,84,88,5,3.60931380701888,8.80189225753834
2,157,9,13,5,5.08874539336241,10.1070834630067
2,157,55,61,7,4.26169867613831,17.0363313626757
2,157,62,68,7,8.88726468004618,18.3447669940682
2,157,84,88,5,4.36089768664246,10.4471281150467
2,158,9,14,6,3.80910001544953,11.7963797009194
2,158,64,68,5,5.78253356909076,10.4361467486835
2,158,84,88,5,5.29346367533187,11.8510385385807
2,159,2,5,4,11.329257089278,25.2736189941107
2,159,54,57,4,9.29824571711989,25.2158204105708
2,159,64,68,5,2.56321891552345,5.68670567099141
2,159,84,87,4,3.12908951047405,6.03427046303155
2,160,20,24,5,5.75541758004207,11.1674463075953
2,160,59,67,9,13.1969133077819,25.4492749410621
2,160,82,87,6,3.31712240729771,7.64206104620281
2,161,19,25,7,9.08074453352346,19.375170621918
2,161,54,68,15,11.9414502885784,28.1467845615646
2,161,81,86,6,4.44471683623435,10.1411549248579
2,162,19,25,7,8.37106174638543,16.7516047904654
2,162,53,71,19,11.9651333083029,28.4914775732333
2,162,81,85,5,5.54014141831464,11.146017217533
2,163,19,25,7,7.196565538007,12.27145017852
2,163,48,71,24,14.8547129267704,33.4338739427338
2,163,79,85,7,5.42941922344838,13.6384339399962
2,164,17,25,9,3.27399660327853,7.24517176614732
2,164,48,69,22,14.8181395026618,29.3664946282221
2,164,78,83,6,6.40026919141014,12.8488446751312
2,165,15,25,11,2.60486462179781,7.68357530501937
2,165,48,68,21,11.8533430501415,24.0752670178198
2,165,77,83,7,4.08401501338916,11.3155460615601
2,166,2,5,4,6.9641305607083,11.6825951579018
2,166,15,19,5,4.4407588828034,9.00399945889207
2,166,48,54,7,16.6856982963576,29.8427098137805
2,166,60,67,8,13.1522626409388,27.8295455758974
2,166,76,82,7,4.4512322574905,11.159790101869
2,167,2,6,5,9.18110672788511,16.35233817764
2,167,14,18,5,2.66232436628207,7.61001087034321
2,167,48,53,6,16.0868204089638,32.3744061351233
2,167,76,80,5,13.9421251509608,19.7436017384373
2,168,2,6,5,13.9055470807132,24.9987278621202
2,168,13,17,5,2.54490756241011,7.41698896817343
2,168,48,54,7,25.6328809203395,34.1035202333569
2,168,61,66,6,15.0430940682521,24.8712443046298
2,169,12,16,5,12.0229401001936,18.5410699536926
2,169,33,37,5,2.80232379818366,8.34951102241888
2,169,47,57,11,18.4277053752782,32.8184524159639
2,169,61,65,5,15.7334070923974,24.1427496534641
2,170,2,6,5,12.2553736552593,20.562673554946
2,170,11,16,6,16.3710168212518,27.386616064458
2,170,32,37,6,8.18519346769217,14.7761042607976
2,170,47,54,8,14.4018467657767,29.9201835209778
2,170,57,65,9,11.1150617527291,22.6384565917179
2,171,12,16,5,13.5565397508213,21.5523299894098
2,171,28,37,10,10.3349273442543,20.582258790815
2,171,47,53,7,7.96893172240163,15.4018413181044
2,171,59,63,5,2.231755637395,5.15275124544983
2,172,27,36,10,17.6031670715799,25.8807883576278
2,173,14,18,5,2.74777461629286,5.84217358911244
2,173,26,35,10,17.9740597672002,29.7285598668218
2,173,74,81,8,13.1202674648449,24.4853903672037
2,174,24,34,11,11.8892671926959,20.9200820237107
2,174,72,80,9,11.3996466274153,19.0913451886254
2,175,3,6,4,8.55286076026145,13.2208326352843
2,175,23,36,14,4.39959591015444,12.6609244769803
2,175,58,64,7,13.2653014323096,24.5996939102038
2,175,71,80,10,8.71524271211296,13.0250402399182
2,176,2,7,6,15.0296329490656,24.2414482679077
2,176,31,36,6,4.28448910288841,9.36564461962788
2,176,58,61,4,18.9069870168341,35.5090304609223
2,176,69,80,12,7.07787300233483,14.0598439374366
2,177,57,80,24,11.9009213897906,35.6709986525721
2,178,2,8,7,20.0038622453401,30.8959962083563
2,178,17,22,6,3.9083377127088,7.01983737882622
2,178,57,81,25,7.729863971819,17.1911350722678
2,179,2,10,9,11.5076410266576,21.7643143336252
2,179,16,23,8,3.37703795075639,6.80175587509876
2,179,60,82,23,5.37245582375889,10.0865314607139
2,180,2,12,11,8.86584247591126,15.1915333882671
2,180,60,90,31,3.5058193494189,5.17109125705681
2,181,2,14,13,7.23845695847626,12.5894077324688
2,181,59,90,32,2.58038073695214,5.09234347515541
2,182,2,14,13,5.03119854416981,12.9833850375242
2,183,2,13,12,3.41260965269603,8.26575149214089
2,183,80,90,11,3.74447490642809,5.99510589761024
2,184,2,13,12,3.24995576438769,6.28361850806807
2,184,80,90,11,2.70696235958623,4.42953730483648
2,185,2,14,13,2.81154025231111,6.12115182306854
2,185,59,75,17,2.19336366453103,6.41055498116895
2,186,21,28,8,2.06406209981777,4.25212752908994
2,186,59,75,17,2.37757571099238,7.00953863103783
2,187,2,28,27,2.1377458246264,5.39172075678071
2,187,59,75,17,2.06539334857337,5.70430089118999
2,188,2,28,27,2.48656130145979,6.15683229738377
2,193,56,76,21,2.06395980208956,4.81017938344859
2,194,60,76,17,2.76714366488252,5.97400389817706
2,194,81,89,9,2.03544213671871,3.99367351248819
3,1,20,34,15,8.88726337401705,16.2822702738404
3,1,58,61,4,4.77571009217984,8.69035205673526
3,1,68,83,16,7.37578427911785,28.8192373144907
3,2,19,33,15,11.7682588437773,22.3516982117183
3,2,57,61,5,5.91535245184156,11.5500403008674
3,2,68,88,21,10.7309774876592,29.1241522969682
3,3,18,33,16,12.7289338633708,26.2561609049914
3,3,58,61,4,2.54307919914999,5.60290612156914
3,3,68,88,21,10.8954306871397,18.1324311144352
3,4,7,23,17,4.55071074395971,18.9567296486658
3,4,26,32,7,12.0447789448731,19.65362923478
3,4,67,89,23,11.5973994804262,20.869772268088
3,5,9,22,14,2.68193173262061,9.32968204250169
3,5,27,31,5,3.90092798947619,7.47340253938848
3,5,58,90,33,9.08209688608009,25.5500830494453
3,6,27,31,5,5.11073428026605,9.96240877968723
3,6,57,82,26,8.87985728348887,26.1366261185109
3,6,84,90,7,13.4173985381893,23.4218473064287
3,7,16,24,9,3.61280642926452,7.51956990749679
3,7,27,32,6,4.36599791234617,11.2819829689209
3,7,55,70,16,9.40938291701468,26.4963713366016
3,7,73,81,9,12.8840883364964,25.0011948874307
3,7,84,90,7,10.1588044012168,17.2677403704318
3,8,17,24,8,2.97401558540289,6.38127353340079
3,8,28,32,5,3.82061390238507,7.02987083051454
3,8,56,69,14,9.94520920312973,27.4672016680868
3,8,74,80,7,14.5506093064508,25.3519699474042
3,8,84,90,7,5.72453004272551,9.34158426228731
3,9,19,25,7,2.11192515434066,4.99002991205929
3,9,59,69,11,8.91742899002303,20.5481933993316
3,9,75,79,5,5.99479040020204,12.0512318054473
3,9,84,90,7,3.52205336811736,5.01983158760631
3,10,58,69,12,7.11409568749641,20.1333681106755
3,10,75,78,4,3.46529002615039,7.11157372646549
3,10,84,90,7,4.10791657458313,6.52555654036771
3,11,57,68,12,4.16172694989397,13.8053875417671
3,11,84,90,7,6.14449067395957,9.01252240605707
3,12,62,68,7,3.0664405257266,8.48059544667516
3,12,84,90,7,4.83411448120144,8.17032320098379
3,13,62,68,7,5.42801439156966,12.2291110993107
3,13,82,90,9,4.1248287283677,7.79880142096787
3,14,57,69,13,3.9174404433059,13.9979772548241
3,14,74,90,17,4.20399985106332,6.32344364829459
3,15,56,90,35,3.3096601138707,12.2932529760667
3,16,56,90,35,2.34628069703716,7.99478669012426
3,19,53,90,38,2.20025911134918,4.46758979510051
3,20,54,90,37,2.69095614880722,5.02905812079162
3,21,54,88,35,4.09759706686668,10.2351828130391
3,40,2,8,7,19.184444943647,32.7431826969603
3,40,11,16,6,3.93853510680629,10.1110130755937
3,40,23,41,19,3.29872400253007,8.11343684847627
3,40,63,72,10,5.17449283995262,12.1831583641861
3,41,2,17,16,13.5515043524395,32.0948402847706
3,41,23,41,19,2.0593498227275,4.2272059965915
3,41,59,71,13,6.27681548542385,13.8334920418844
3,42,2,18,17,11.0735461166798,25.3115113342128
3,42,23,41,19,2.12763133374376,5.21950452020067
3,42,59,81,23,5.06468539992655,16.837542368794
3,43,2,7,6,12.0447340766751,21.4471261591193
3,43,11,19,9,6.97272459924303,13.8375244066392
3,43,46,52,7,2.02360163283429,4.14221975046938
3,43,65,80,16,9.75889966939395,16.1178850897344
3,44,2,7,6,14.4748300506009,28.2457275838422
3,44,12,17,6,3.7357485026139,6.86443893534195
3,44,45,53,9,2.00699633269573,4.58438648193159
3,44,65,79,15,6.72268923032649,11.7081552283521
3,45,2,7,6,11.2498965800158,22.5063762927858
3,45,45,76,32,3.04592296479824,7.89587855718137
3,46,2,7,6,5.51167737471281,10.7317209708207
3,46,29,62,34,2.31659946695559,5.97080697364515
3,49,74,81,8,2.8226210518944,5.44524453015116
3,50,6,17,12,2.6555293107902,5.26146777298231
3,51,7,18,12,3.63627945846236,7.16446432017856
3,52,6,21,16,2.00240071283663,5.00705824602864
3,53,4,12,9,2.23252731883703,5.05968074901127
3,53,49,56,8,3.94008748406257,8.9207551651105
3,54,2,43,42,2.03169720693981,5.8863190484572
3,54,49,57,9,4.81652001915083,10.6704702548954
3,55,49,67,19,3.41632010358576,10.1514600872205
3,56,11,26,16,2.35441828365898,4.21943405985214
3,56,49,69,21,2.67116727890162,8.79250243409062
3,57,2,25,24,2.01150013940226,4.69561687804663
3,57,50,60,11,3.067394449742,7.62363533596007
3,58,2,20,19,2.64429515572978,4.60567167613951
3,58,50,57,8,2.43267422369087,5.59877579405302
3,59,2,22,21,2.72697938740734,4.77595623370586
3,59,38,44,7,2.67286359030607,6.28731433699241
3,59,48,61,14,2.46266568407606,8.60682447746053
3,60,38,56,19,4.6439994026681,12.2135752973098
3,61,3,23,21,2.50198551688979,5.21973272381811
3,61,38,56,19,3.81014322094158,8.49851215398067
3,62,2,24,23,3.09396633786137,5.88580954571356
3,62,46,55,10,2.82251144311142,4.95810545000335
3,62,67,83,17,4.62482547472556,9.36641433946561
3,63,2,33,32,2.94781197317054,8.08837629579395
3,63,69,83,15,8.02337330355041,14.1562226357628
3,64,2,25,24,2.55902213103947,7.64539322513985
3,64,68,83,16,8.20448958799323,13.9920397792363
3,65,27,38,12,2.39469956464184,5.84992050743459
3,65,68,82,15,7.45829756412721,13.5879742376455
3,66,4,23,20,3.17215646803006,9.07272846236031
3,66,27,40,14,4.94282782183425,9.58351277588902
3,66,67,80,14,6.51591744166111,14.455492340617
3,67,8,23,16,8.0760662634573,18.5882039048691
3,67,28,53,26,7.36348131996813,13.6473339217881
3,67,67,79,13,6.6160329343015,13.6173293574103
3,68,8,23,16,9.74523427934693,20.4877598454666
3,68,28,54,27,6.94904930903517,14.8463001707558
3,68,67,77,11,6.9040062071807,11.97863819063
3,69,9,20,12,9.92094858720685,19.4740067231024
3,69,30,54,25,6.73962562536537,16.531199763251
3,69,67,78,12,4.26333466999394,8.48443843130634
3,70,9,17,9,8.22423609840245,15.6785387822322
3,70,39,60,22,9.61952458831353,19.4398230697899
3,70,67,71,5,2.4926937000463,4.49636777204751
3,70,85,90,6,9.11723186106577,13.566006639074
3,71,10,16,7,6.54839396328663,12.8935430014648
3,71,33,59,27,8.61080386028099,15.7044288339227
3,71,84,90,7,16.6827908320465,29.5151568705415
3,72,9,15,7,7.54691770320404,13.8854142639718
3,72,36,60,25,9.47038004121878,16.3537049244968
3,72,84,90,7,21.7680075995023,31.9033120866177
3,73,6,16,11,5.36479011660609,15.7608170075376
3,73,37,47,11,6.57241019707888,11.95297468195
3,73,50,60,11,10.4766782964816,18.10366414405
3,73,84,87,4,19.177191505515,31.2941355524861
3,74,3,16,14,3.36135324148598,11.1010000587756
3,74,37,44,8,5.33963664560601,9.13076826707289
3,74,50,61,12,6.17346250749758,12.3637229055443
3,74,84,87,4,19.5511517082442,33.1514693210514
3,75,35,43,9,3.63189907424541,8.01871226590798
3,75,49,59,11,5.40370606865413,11.1092983421297
3,75,84,87,4,18.4346581766409,31.5057887966423
3,76,27,42,16,5.65022845435076,12.209366917937
3,76,47,58,12,5.75135064405946,10.4777473516883
3,76,84,90,7,19.7232260847222,26.6443299280918
3,77,6,14,9,2.08422164038755,5.60100772971596
3,77,20,42,23,6.76074869322329,13.9909207797152
3,77,47,58,12,6.87004444202462,11.8051927590385
3,77,84,90,7,12.4753833568923,15.4524115226686
3,78,2,14,13,2.39675948228831,7.52351338968244
3,78,21,42,22,7.05168754398837,15.0948124276978
3,78,46,58,13,6.06325404572471,11.8992099910335
3,78,84,90,7,7.94881949301853,10.0141050938319
3,79,2,14,13,4.71645418603118,6.67763384463259
3,79,21,42,22,7.48830266870255,17.2439640592871
3,79,46,57,12,5.31249677595408,10.9780755233364
3,79,84,90,7,4.09558835822769,7.86812472547752
3,80,2,14,13,3.73311074382424,7.54299209113346
3,80,21,41,21,8.34470078379374,19.3640423264515
3,80,44,56,13,6.06024527580135,13.7106652125556
3,81,2,14,13,3.98095334604221,8.3775986513117
3,81,23,40,18,8.51363207492931,19.9784299350069
3,81,43,56,14,8.00257871956251,18.0975798549781
3,81,82,87,6,2.18965235527723,4.95832541854467
3,82,2,15,14,5.01181261118296,11.3858857431172
3,82,27,40,14,10.0767009641278,18.5014497210627
3,82,42,55,14,8.02637003155002,17.2479969898318
3,82,81,88,8,4.58644057706804,10.2747382764292
3,83,2,10,9,7.10643425001654,13.5937439006014
3,83,28,55,28,7.52476162001175,16.5363341404169
3,83,81,88,8,6.08138368593194,12.8726167856635
3,84,2,9,8,5.87703612764409,12.2729694972518
3,84,29,58,30,6.40915184346382,14.263070051645
3,84,81,88,8,5.40008423424225,12.8029884293441
3,85,2,10,9,4.22452178479621,10.4836345890339
3,85,20,27,8,3.69630911772266,7.73571570893051
3,85,30,59,30,8.09641177854173,19.3002997960947
3,85,81,87,7,6.59785493180622,13.7283668061113
3,86,2,7,6,3.72584842923948,8.49904085984818
3,86,19,27,9,2.73698028257232,5.208490977669
3,86,30,52,23,12.4210759082422,21.8235025312756
3,86,54,59,6,2.57960764006683,5.37849182619837
3,86,80,87,8,5.69183466151852,13.0399988217229
3,87,2,7,6,4.91042302657011,10.3806585437689
3,87,19,59,41,5.58827206134248,15.2213463180612
3,87,79,87,9,8.16991814626509,16.1930619755378
3,88,2,8,7,5.59577260847046,12.1260180117951
3,88,31,42,12,6.09168659569307,12.4173263390593
3,88,49,59,11,2.08914799109678,6.92251772419549
3,88,78,88,11,8.70926013754693,18.5627115197149
3,89,2,8,7,5.55718775048946,10.3645707131402
3,89,35,41,7,3.12610334534052,6.96553104841121
3,89,52,59,8,5.57115838596945,11.1534163740286
3,89,79,87,9,9.03524880647842,17.0217789987339
3,90,2,8,7,4.38083252444335,8.01136356485174
3,90,52,60,9,8.91212922913593,17.4881234570724
3,90,79,86,8,8.86346043495253,16.2071536062077
3,91,2,20,19,3.27017775005054,7.87518049661606
3,91,52,61,10,9.54362112884006,18.9871945173642
3,91,79,87,9,4.42045933715229,9.72692196673186
3,92,2,20,19,3.89243527259005,7.66415446542984
3,92,52,61,10,6.8997676242987,12.89881091061
3,93,8,19,12,3.913496507781,8.3193261330959
3,93,53,61,9,4.07330908263177,7.56770774575857
3,93,70,82,13,3.0464181764665,8.46070106391515
3,93,85,90,6,4.24558964420335,6.99002092208489
3,94,3,15,13,5.51173956744662,13.7672344619632
3,94,70,90,21,3.60309687236792,6.86145181072657
3,95,5,14,10,8.26617495429218,15.8776570643785
3,95,69,90,22,4.05174108284956,5.71761317136964
3,96,4,14,11,6.70553662869962,11.3254535502743
3,96,26,32,7,2.83577557976708,5.0690283832754
3,96,69,90,22,3.28796969896886,6.93024939284718
3,97,2,15,14,6.73539378952511,14.7378827613314
3,97,72,89,18,3.16564636448326,6.53934686129331
3,98,2,14,13,10.1184661841421,18.6352096280094
3,98,19,37,19,2.2055571477721,5.2129673842073
3,98,72,88,17,3.51044638884784,6.95752034625447
3,99,2,13,12,10.2614430772524,18.0229520809238
3,99,19,37,19,3.77048377921385,7.85018974309471
3,99,72,89,18,6.1185074000261,11.5991982466786
3,100,2,12,11,8.08621572051845,15.1184102911545
3,100,19,43,25,4.23731834587966,8.94458990814132
3,100,71,89,19,6.3910061603706,11.2316613835617
3,101,3,12,10,5.90068009821909,13.6876276761611
3,101,19,41,23,5.75353624033197,12.7356701792177
3,101,64,69,6,2.13825526926415,4.80804293183203
3,101,72,88,17,6.88622653639326,13.5558353699319
3,102,4,12,9,6.13893209470592,12.0895678285409
3,102,16,37,22,6.64107754076305,15.1411922542447
3,102,63,69,7,4.63078465304753,9.04997035015873
3,102,72,87,16,4.54354992331592,10.5238939191487
3,103,4,12,9,5.05101990589473,10.0196841645285
3,103,16,36,21,5.58982339672406,11.8337645327412
3,103,63,69,7,5.53874732254779,11.0096507154596
3,103,72,86,15,2.87278984453515,8.95507422150976
3,104,2,12,11,4.14349297372547,9.47589849491129
3,104,17,37,21,4.19050449129485,11.7339323263089
3,104,63,80,18,5.6484435580195,14.4596287860365
3,105,2,12,11,3.67088682649171,6.83710515690408
3,105,30,42,13,5.20011656163062,15.4561470263384
3,105,47,52,6,4.38573526224562,8.84973478916119
3,105,60,79,20,6.30354294512648,17.8081523214028
3,106,2,11,10,3.50307741015844,6.45452148276731
3,106,23,27,5,2.76089889144426,5.51295053244273
3,106,31,41,11,7.11615522297033,16.5315157222301
3,106,48,52,5,5.6367704389629,9.41407593127455
3,106,60,79,20,8.59045391079879,17.7838638741141
3,107,2,15,14,2.66870050782297,7.63913780899494
3,107,23,27,5,3.76205314241921,7.54764692967453
3,107,31,42,12,6.7487048012091,14.3649067234596
3,107,59,79,21,11.6180641209116,27.8642681698778
3,108,2,5,4,3.33900268003969,6.91387696206912
3,108,9,16,8,3.37186829592324,7.0264911181769
3,108,22,42,21,5.03688756154602,13.6423970163085
3,108,58,61,4,18.8137712756153,34.9511863008259
3,108,64,78,15,9.88069775096939,26.1034913666434
3,109,9,17,9,4.24577424508006,8.96397073490763
3,109,21,42,22,7.20150353220607,21.5631116218381
3,109,58,78,21,11.4065524443965,31.5262170737389
3,110,10,17,8,2.70296415027067,5.45647971606825
3,110,21,35,15,13.9697761835491,23.9029595500075
3,110,58,77,20,6.21087449661113,13.4573359834665
3,111,22,40,19,12.8216687244036,31.9603261853479
3,111,54,78,25,5.61381185713185,13.9422689217171
3,126,22,30,9,11.3247426737895,24.4234823597447
3,126,61,69,9,9.64701342826581,17.6997831636591
3,126,87,90,4,3.26984503686719,4.23647419188646
3,127,12,17,6,2.75134465213169,5.82037828274036
3,127,22,34,13,7.92374629480432,26.2019596810191
3,127,45,54,10,2.24958996364354,4.24952295840953
3,127,61,67,7,3.15640853336285,5.75556281512779
3,127,86,90,5,3.43418827917507,5.28359203921459
3,128,22,30,9,9.00180535034889,21.9937894753243
3,128,85,90,6,3.28927890817699,5.60158921931099
3,129,22,29,8,4.75306635865502,12.0350994921591
3,129,84,90,7,4.44837768876913,6.07855763267703
3,130,84,90,7,6.53175916422113,8.0335099751647
3,131,84,90,7,7.63346244199832,10.7075801466141
3,132,83,90,8,4.32734243698791,7.60490810875353
3,135,33,40,8,3.27078957337813,7.27891569323021
3,146,3,16,14,2.63951319724375,4.75772007102255
3,149,45,57,13,4.73420143655462,9.95878131174233
3,150,25,29,5,3.42743679321638,7.0887461490752
3,150,45,57,13,6.06358910927234,12.8070042221332
3,151,6,13,8,2.3469313576321,4.62054414543788
3,151,25,29,5,2.41029593505853,5.97475418333878
3,151,47,57,11,6.43012290805769,11.899771550472
3,152,4,14,11,4.37433740181732,10.8259479693681
3,152,48,57,10,6.26613945285681,11.0086362318776
3,152,67,73,7,2.30775278220233,5.34877633929724
3,153,3,13,11,6.97129516555739,14.2141124267561
3,153,25,29,5,2.32754608704276,4.14083494582725
3,153,49,57,9,4.36315255330336,9.18591144783356
3,154,3,13,11,10.5874226255987,21.2282657904047
3,154,24,30,7,2.078401587554,4.00128253673371
3,155,3,13,11,15.1257363228935,29.5379951739521
3,155,60,70,11,3.28359085014078,8.51645018685902
3,155,75,79,5,2.43080033871981,4.75124157198637
3,165,13,23,11,6.22454291569222,11.3750747957393
3,165,79,90,12,4.40375131171256,7.85519606773083
3,166,13,21,9,5.81362013918425,12.6393271793335
3,166,33,41,9,2.37256913931107,5.11761604710018
3,166,58,65,8,3.40300991424612,7.1507612369382
3,166,77,90,14,5.56734237992871,10.7034180605055
3,167,12,19,8,5.51721558823019,11.5343757647569
3,167,33,41,9,3.74375351193066,8.33200827894102
3,167,59,65,7,2.97791495429177,7.04366425279556
3,167,77,90,14,6.94760875688976,11.8850239637689
3,168,11,18,8,6.20662087368853,12.5649850828476
3,168,34,41,8,4.8798557201841,10.3211536181895
3,168,77,90,14,7.43198939078485,11.3685524531657
3,169,11,16,6,6.10447159915073,10.9979383185807
3,169,34,41,8,8.64338452419334,16.0978268717073
3,169,57,65,9,3.08981584077688,8.16743773843156
3,169,76,90,15,7.0681033788587,12.2809140662665
3,170,10,16,7,3.01252080093067,7.65397943619439
3,170,34,42,9,10.1317706767319,18.4000574332157
3,170,52,65,14,2.71673431688397,8.82458641074645
3,170,75,84,10,6.53231452380637,13.6893795319388
3,171,21,27,7,3.98583787214283,7.34388108623386
3,171,33,44,12,7.48645375000258,15.5261023990525
3,171,53,64,12,2.92383859046167,8.3181600559296
3,171,76,84,9,6.06616584421901,13.3493380568731
3,172,21,28,8,6.17537347562923,10.6039209900374
3,172,34,50,17,3.34528894057043,6.74853907961317
3,172,77,84,8,5.44663895738287,11.7356800011301
3,173,20,28,9,4.9055582063822,9.83445867902856
3,173,36,56,21,2.75558272403879,7.33207541406109
3,173,70,83,14,3.19943277428382,8.19239458134802
3,174,20,26,7,4.66309131376617,8.78425873360304
3,174,37,51,15,3.86254968847601,9.25157099288954
3,174,67,83,17,3.99947956261724,7.86041130684653
3,175,9,26,18,3.34401384917183,7.68859257918832
3,175,37,60,24,4.39962762538045,11.2309827840304
3,175,67,90,24,4.89278907206795,11.4149022516596
3,176,8,27,20,5.0414741970414,12.1914181016444
3,176,37,60,24,4.28241712022209,11.3004420890518
3,176,67,89,23,5.65972547284368,9.94496408623027
3,177,9,27,19,6.72087166577909,16.8895231273173
3,177,37,60,24,3.23791042106847,8.61204161400503
3,177,66,89,24,3.63765972657683,7.78764111848054
3,178,2,28,27,5.35643854261453,15.622817165418
3,178,35,90,56,2.44523840237981,7.54713812595157
3,179,2,29,28,4.05575569018786,12.2077292082993
3,179,32,76,45,2.44395299642285,7.94446171275817
3,179,81,89,9,3.12172870741785,5.61216079560089
3,180,7,46,40,3.74648084754733,9.06002338005502
3,180,57,77,21,2.29699450682015,4.70071759033379
3,180,81,89,9,2.35363030060906,4.86172498939107
3,181,9,46,38,3.87681597057199,6.77196011471046
3,181,57,77,21,2.40219437898239,4.73488847869289
3,182,2,47,46,3.29081187533373,5.7814308430056
3,182,57,77,21,2.45346647072444,4.05571429528085
3,183,2,47,46,3.0700934331343,6.93794365614385
3,183,57,78,22,2.54948729078083,4.34833847031251
3,184,6,19,14,3.72866202973797,7.78063228889715
3,184,23,49,27,3.28991600707464,9.31349634781453
3,185,6,18,13,4.52769304245451,9.23401183827882
3,185,22,32,11,5.37897090598331,11.4660513658521
3,185,74,85,12,2.364538341483,5.04137972229323
3,186,5,19,15,3.62408621314899,8.55017594328374
3,186,23,71,49,2.22237136232985,7.66151689594162
3,187,5,46,42,2.28250158671763,7.40300043197879
3,187,49,84,36,2.28067551917857,5.51097527593657
3,188,9,77,69,2.63932250450296,7.81963293505957
3,189,9,65,57,3.39612408553797,9.49976676886239
3,189,69,75,7,2.01851630488965,4.29140334671821
3,190,9,64,56,4.27117134998719,10.5415682655841
3,190,69,75,7,2.19621140159156,4.87172642354302
3,191,8,65,58,4.25153727833374,11.0829496286821
3,192,2,64,63,4.0521211384224,9.74341117735865
3,193,2,34,33,3.74456522848593,7.79631784162284
3,193,36,63,28,4.00484231726206,11.0300072447605
3,193,81,90,10,3.63965075674101,5.50342567633433
3,194,2,34,33,4.14687458829692,7.06789163904475
3,194,36,50,15,5.75170604295386,12.3747292515712
3,194,54,62,9,3.0628072684198,6.39627112038334
3,194,81,90,10,4.36973660260384,5.4825579896954
3,195,2,35,34,4.86212208866537,9.28204392596001
3,195,37,49,13,6.63454957918668,10.7022794271244
3,195,53,60,8,3.52016728247359,6.79555857703181
3,195,67,90,24,2.84552373405094,8.5267249551328
3,196,2,35,34,5.48434504237628,10.2563638623575
3,196,38,48,11,5.65923258857538,11.7377926235418
3,196,52,59,8,3.43245709874567,6.58744036364379
3,196,67,90,24,2.67304029340345,6.79726017894965
3,197,2,36,35,4.83325155151757,9.06391497990009
3,197,37,58,22,3.13002914038199,9.64117477921723
3,197,67,90,24,2.17339407327009,4.99900562547402
3,198,2,58,57,3.97193537978148,11.5447719818716
3,198,76,90,15,3.3549868037779,7.10131128803341
3,199,2,15,14,5.90851993373113,10.3774211358435
3,199,18,57,40,3.29395293889634,9.63944402538166
3,199,77,90,14,3.35931254499204,8.7096420654744
3,200,2,29,28,5.02385948857997,11.789278787567
3,200,31,54,24,2.95295362989131,7.55876238264958
3,200,81,90,10,4.8385622071292,8.18493415225727
3,201,2,29,28,5.36551081459556,14.6490750608017
3,201,67,79,13,2.18071529779308,4.24216549632921
3,201,82,90,9,4.76203513389183,7.29728595981679
3,202,2,29,28,5.55078001385354,16.5442569805426
3,202,68,79,12,2.50383214499485,4.70783026144
3,202,82,90,9,4.33493698664263,7.1075404772287
4,1,41,45,5,3.18165042496535,6.59054017507806
4,1,57,90,34,3.78234943327808,8.92139490151279
4,2,54,90,37,3.01757503108978,7.34611168330143
4,3,53,84,32,2.77365278403809,4.94219698396708
4,4,54,83,30,2.3699386971898,4.20430145107036
4,5,30,49,20,2.23821265510456,6.15147789425358
4,6,54,66,13,2.82758799737434,6.01273313860573
4,7,37,49,13,3.48451431414353,6.7060935080938
4,7,54,65,12,4.06526699716907,9.10552863962938
4,8,37,49,13,3.27226763798762,6.03617984082333
4,8,54,64,11,5.01377943312167,11.6873135895628
4,8,70,83,14,2.41664963025423,5.98239068747448
4,8,87,90,4,3.51677239237746,6.23258368224976
4,9,37,50,14,2.67672984514483,5.55185296448437
4,9,54,63,10,4.92698480211523,11.4107224985135
4,9,70,83,14,2.57350134486287,4.48619908748838
4,9,87,90,4,2.81862448567368,4.9488972289279
4,12,40,63,24,3.43715864091853,7.90456233680539
4,12,69,79,11,2.221829009497,3.77544108106948
4,13,40,63,24,3.39016721008,6.54912350769238
4,14,39,53,15,3.72649756087475,6.64274620593164
4,16,41,53,13,2.60608106844356,4.59052310021968
4,17,42,53,12,2.38461539187031,3.95175945521406
4,21,38,50,13,2.23178449785544,4.26815343104885
4,22,37,51,15,2.01040523836962,4.56971807573261
4,22,84,90,7,2.12051621606137,5.25467813696993
4,23,85,90,6,2.83099119667799,5.8017756274866
4,24,85,90,6,3.02081849695768,5.84330450844239
4,25,85,90,6,3.05603124254263,5.8980721206029
4,26,38,53,16,2.75925656186127,5.33945538177674
4,26,86,90,5,3.45279844524398,5.87198758483469
4,27,37,54,18,2.48835982564626,5.31676509409906
4,27,86,90,5,3.03530068674258,5.69423660989677
4,28,31,54,24,2.26639390864757,5.70005446335279
4,28,86,90,5,2.70947835303258,5.52516987507325
4,29,30,53,24,2.66625861291298,6.23167522620448
4,29,86,90,5,2.91229971599216,5.82492958239401
4,30,30,52,23,2.89097860976816,6.22491112351626
4,30,86,90,5,3.13875111850182,5.88013201272315
4,31,86,90,5,3.27946705307468,5.76114484446327
4,32,86,90,5,3.21398539482517,5.67183867907071
4,33,86,90,5,2.94426359116715,5.27154246585389
4,34,86,90,5,2.13782417484736,4.0944860388516
4,35,43,51,9,2.00620590782564,5.19558158473088
4,37,19,31,13,3.1554621813844,7.82817470316252
4,37,34,49,16,4.26499860483626,11.5240014831123
4,38,20,49,30,4.45106687386356,12.9317435307198
4,38,52,58,7,2.77514768698992,7.52381750673208
4,39,23,58,36,4.59253689945495,10.9283931060498
4,40,23,58,36,4.24048070307186,9.46197184831476
4,41,30,58,29,4.37398706174256,8.80444543192676
4,42,30,59,30,3.31957055371064,8.07663057550846
4,43,30,54,25,3.16674998991132,8.06835528823628
4,44,26,42,17,3.12003357753856,8.30428493251813
4,44,45,53,9,2.20953829277569,4.2766795199333
4,45,25,43,19,2.51133717132715,6.91098325102546
4,45,45,53,9,2.21151442811706,4.20467771609044
4,46,26,54,29,2.18460257318741,4.41950413019585
4,47,28,54,27,2.14134346196755,3.8649197587092
4,48,28,53,26,2.2187215279803,4.43866942898039
4,49,27,52,26,2.05204050255731,4.63616480731463
4,51,35,50,16,2.3338985887788,4.49385562037584
4,52,36,49,14,2.3816166674185,4.66103942671825
4,53,37,49,13,2.23014905616859,4.01231191997666
5,1,23,42,20,5.39508232926333,11.5876916314195
5,1,50,59,10,7.2468598144722,14.9749702458932
5,1,71,87,17,4.27607371755753,9.34284397652914
5,2,5,17,13,2.41556666748049,5.16049098132366
5,2,24,43,20,7.63935199294089,19.2541868022949
5,2,50,59,10,8.3687296254378,16.8090870561667
5,2,69,88,20,4.35847082884746,9.13975290594746
5,3,2,18,17,4.34035066086128,9.98100063327496
5,3,25,44,20,7.33153972893929,19.3503627453884
5,3,50,59,10,8.44284043604551,17.3813765809927
5,3,69,89,21,5.36355547144544,13.1939911042046
5,4,2,18,17,8.22098691765442,14.9353051717284
5,4,25,44,20,7.1696409787949,17.3703246850352
5,4,50,59,10,7.60194084544718,16.0487936062246
5,4,69,75,7,3.64701306194983,9.09801758073326
5,4,78,89,12,3.1221216106018,6.49070490283515
5,5,2,18,17,7.92554320129339,13.6600858130469
5,5,26,44,19,6.08403137902445,12.8822538996445
5,5,50,58,9,6.6173482091049,11.5997401629439
5,5,70,76,7,2.57295360275237,5.6934307016745
5,5,79,89,11,3.17863199697056,6.25401838130435
5,6,2,18,17,7.00663991292332,15.0128430581538
5,6,28,46,19,2.85762483843419,5.96271698322696
5,6,51,58,8,5.2454845368599,9.06361641847079
5,6,70,90,21,2.06891315937257,6.1853405948712
5,7,2,7,6,4.63251193562346,7.55974411593986
5,7,10,19,10,9.36443369729451,16.4246945964457
5,7,28,46,19,2.81079791038662,6.01731830438269
5,7,52,58,7,3.94307263827519,7.25931162754156
5,8,2,8,7,3.79198713213251,7.76775702235362
5,8,10,20,11,7.27237938154203,13.5659520555638
5,8,27,47,21,3.41660997136822,7.29118305346452
5,8,53,59,7,3.06440076083071,6.18521734453747
5,9,11,38,28,3.64931613736809,11.4796195041416
5,9,42,47,6,2.23951943898782,4.37574585959884
5,9,54,59,6,2.85659891734881,5.43398821973882
5,9,70,90,21,2.10793651791833,3.61175486691862
5,10,10,20,11,2.68154364823254,5.69006096108999
5,10,23,47,25,2.43090218310776,6.01472753836504
5,10,70,90,21,2.00036958346118,3.92369806071415
5,11,3,47,45,2.43411669722185,6.08834743549846
5,11,70,90,21,2.44807075530087,3.86224549504253
5,12,69,90,22,2.38484570833276,4.31019101408098
5,13,53,65,13,2.53383443480606,4.54296807417983
5,13,68,90,23,2.49551316612587,5.33596429011105
5,14,2,65,64,2.63536769571016,7.02114194546155
5,14,67,90,24,3.13490832455808,7.37972545527446
5,15,4,63,60,2.41478925960911,7.48044499006292
5,15,68,90,23,3.07658257203331,6.986753606103
5,16,50,65,16,2.89188949225109,5.81389381600655
5,16,68,90,23,2.78476884029403,6.36362061641504
5,17,2,65,64,2.00839369290687,7.29904352448285
5,17,68,90,23,2.5559625122328,5.09200755793806
5,18,2,65,64,2.17773995975512,5.68993921514991
5,18,68,90,23,3.09506141199625,5.84014518146247
5,19,2,90,89,2.57883578263386,6.41394650297725
5,20,2,90,89,2.48415902058643,6.82188130354539
5,21,2,90,89,2.45047380317073,5.65795707394779
5,22,2,64,63,2.79754536625209,6.87280261918911
5,23,2,90,89,2.50315918774817,6.4405497565778
5,24,9,90,82,3.09874237584454,8.12575605928473
5,25,10,90,81,3.0207303953742,8.01049558717191
5,26,2,90,89,2.57067080670919,10.8602205350337
5,27,2,90,89,2.58915574049643,11.7930160229298
5,28,10,64,55,2.40437564711591,6.26166090035677
5,28,67,90,24,3.2641261263892,10.0301642825862
5,29,4,64,61,2.39909590557209,5.39101418796247
5,29,68,90,23,3.5601683798671,10.1307778316772
5,30,10,64,55,2.35362844215009,5.871954046326
5,30,69,90,22,3.10572023983497,9.85833374932576
5,31,11,39,29,2.26131589697341,5.29731377464801
5,31,42,63,22,2.15353467355346,5.9957513195881
5,31,70,90,21,3.0804403510008,8.33486241615649
5,32,2,6,5,2.07753032732703,5.0055570815382
5,32,12,63,52,2.34115376370619,6.14805964452389
5,32,70,90,21,2.07777734598243,6.63466130326114
5,33,2,7,6,2.1090427257431,5.69565636630575
5,33,13,41,29,2.61479938870276,5.88975518513088
5,33,43,62,20,2.1000382415183,6.15900177996549
5,33,70,77,8,3.33883269930514,6.3565920937478
5,34,12,41,30,2.52884771703393,5.41050721227761
5,35,2,75,74,2.28481565803539,6.40253777364686
5,36,2,75,74,2.7465246754768,6.81762207542937
5,37,2,75,74,3.32401634755524,7.7708223962927
5,37,81,90,10,2.4502162461797,4.715234406692
5,38,2,33,32,4.32480005379236,11.1276654743063
5,38,52,74,23,3.66930497765275,7.80100730611555
5,38,81,90,10,2.67903178772118,5.77980050089592
5,39,10,47,38,5.82288638951398,17.4839864388565
5,39,53,73,21,3.45640935159169,7.79381846445516
5,39,79,90,12,2.14494250114775,3.56104566359209
5,40,11,33,23,9.49874457965848,16.9666722031831
5,40,53,73,21,4.37598440788646,8.93398166460605
5,40,76,89,14,3.53102043077367,7.28173669218082
5,41,11,20,10,2.51851650297558,5.36554029464084
5,41,25,33,9,7.02243340602915,13.365415966333
5,41,40,47,8,3.13471743358585,7.20907459720503
5,41,53,64,12,6.37102108264226,10.2816456610048
5,41,68,73,6,2.53543912615835,5.30664336285261
5,41,76,88,13,2.69008244877746,7.25567263982254
5,42,12,21,10,3.1507459338714,5.62702849865086
5,42,24,33,10,6.1292063304053,11.7205213556286
5,42,41,46,6,2.50905505773277,5.83860816942284
5,42,53,64,12,8.30349794889165,13.6903834044276
5,42,76,85,10,5.30781614657873,11.1855164781174
5,43,2,6,5,3.5104730141364,6.5363853626761
5,43,13,35,23,4.7965937358775,10.4895312198607
5,43,41,46,6,3.49467884110172,7.94755360226222
5,43,52,64,13,8.81335944769699,14.8814205618542
5,43,74,85,12,6.73949176496887,13.9486109816579
5,46,26,38,13,4.56596907690574,8.92893724032171
5,46,51,64,14,11.8444248581327,20.8141388899618
5,46,71,85,15,2.98001712401092,7.4058345073241
5,47,26,38,13,3.73705715509974,6.74537903671936
5,47,51,64,14,12.8164205685909,20.0917991963565
5,47,70,85,16,2.51049118209188,6.44342218955417
5,48,26,39,14,3.73686563777446,7.5747758054531
5,48,51,65,15,11.0733296743795,18.9409865144034
5,48,70,85,16,3.45182321377864,7.74958194077211
5,49,16,39,24,3.10445886878787,6.81972738587057
5,49,52,65,14,9.59978841961461,14.3234137046336
5,49,70,88,19,2.83692844756608,8.60165495253745
5,50,2,8,7,2.62889673294342,5.2000268823045
5,50,11,39,29,5.30353341308739,17.2609639960601
5,50,52,65,14,8.62867044030143,14.0333659451198
5,50,70,75,6,5.09688014895921,10.3555778173045
5,50,77,90,14,2.49832653999481,4.61477404330571
5,51,2,39,38,5.93389904136149,24.7288767652015
5,51,52,65,14,7.84168795847557,11.4597950567836
5,51,70,75,6,4.17104240455513,9.49271783946889
5,52,2,39,38,5.66925816404111,22.1793455097814
5,52,51,64,14,6.73984686479289,10.1070770393258
5,52,69,75,7,3.60561795915241,9.06772710771014
5,53,2,40,39,4.10447138251499,8.35226859198099
5,53,42,48,7,2.43449923240828,5.28456612192398
5,53,50,64,15,5.39292451462325,9.23049076406491
5,53,70,88,19,3.71479553176792,8.00411082199747
5,54,2,48,47,2.91046040780934,6.81679518350825
5,54,50,64,15,4.40437432232883,8.14858979318399
5,54,69,87,19,3.0433481570298,8.95861544994455
5,55,2,21,20,3.68621339380498,10.3539487014794
5,55,23,45,23,3.20623694019947,5.66464180760929
5,55,50,64,15,4.62357794622251,8.24804603580984
5,55,69,87,19,3.01701326129086,9.78767448336339
5,56,2,47,46,2.68935675019469,6.52963847592592
5,56,50,64,15,4.64613365434274,8.40369887309481
5,56,77,86,10,2.50354269011146,5.40807452899277
5,57,2,38,37,3.13842637884605,6.36896075088692
5,57,41,64,24,4.17331385649555,9.31809209246711
5,57,69,88,20,2.37294328339177,6.93017337933917
5,58,3,65,63,3.28292595878016,7.98327085462684
5,58,69,89,21,2.04574580511929,7.3216797620934
5,59,25,65,41,3.73923141999194,8.86317487948953
5,59,68,89,22,2.47059940661548,6.18059160993643
5,60,2,20,19,3.45820605378375,7.06650067073025
5,60,25,65,41,3.16514087620647,6.25484950957285
5,60,68,90,23,3.22851192217164,6.88890886433495
5,61,3,90,88,2.99632331417658,9.33831407999316
5,62,2,8,7,2.29839445698771,4.19166784352732
5,62,10,87,78,3.45944177024611,10.7592078334023
5,63,2,74,73,3.41210615811279,10.087812367751
5,64,9,75,67,3.08766082706061,12.089501644487
5,65,4,90,87,2.8438464359158,8.47193456953269
5,66,9,21,13,2.58474375739978,4.2695847675674
5,66,25,48,24,2.64497761597305,6.26193146413459
5,66,51,82,32,4.18593366767187,8.88250026105458
5,67,9,23,15,2.54811301196553,6.43332420418224
5,67,26,47,22,3.40489769519277,6.69278484725984
5,67,51,85,35,4.10850535004577,9.9822183103839
5,68,10,22,13,3.67213144808327,6.09401811671682
5,68,26,63,38,3.21106835657124,8.17367541679851
5,68,67,74,8,7.19547135297464,15.1967024150203
5,69,10,20,11,2.56993106936238,5.37916817467652
5,69,27,49,23,2.30473301846172,7.57750750884046
5,69,52,63,12,3.00142038342019,5.48532400020052
5,69,69,74,6,5.88813730975055,12.7062038192398
5,70,10,21,12,4.18504877255135,8.75305069418616
5,70,27,38,12,2.22025063558191,6.03461931583862
5,70,52,63,12,3.5679479861983,8.03786113833447
5,70,70,74,5,2.59694615612783,6.46222414807134
5,71,10,23,14,4.88531679303059,11.4069598678934
5,71,52,63,12,3.68457213989279,8.7028377897488
5,71,71,74,4,2.49745026939152,5.10297576775772
5,72,11,22,12,4.35323578362696,11.2517352128469
5,72,28,34,7,2.16460940431057,4.50584325168442
5,72,53,64,12,3.97848895035035,9.02281232283102
5,72,71,75,5,3.0748117520672,6.73984559312957
5,73,16,22,7,4.60420721825151,9.58352705644537
5,73,27,33,7,2.41498393616683,5.40067406733725
5,73,53,64,12,3.75524746958667,8.4844145889288
5,73,70,76,7,3.71683605891007,8.47671038776159
5,74,16,22,7,5.42393201801946,10.3245459785928
5,74,44,48,5,2.85648069098543,4.84335443355627
5,74,53,63,11,4.40752024222079,8.23645169984219
5,74,69,76,8,5.22678104213857,11.559657662766
5,75,16,22,7,4.63768911994429,9.14414837967963
5,75,28,32,5,2.0806942672531,4.48564246831763
5,75,43,48,6,2.34945026967665,5.13093323067963
5,75,53,64,12,3.89379549878392,8.0324554660785
5,75,68,90,23,2.37622351697867,13.046827096012
5,76,17,23,7,4.09602704020903,7.99395524063645
5,76,53,63,11,2.37334706560211,5.49960521874903
5,77,4,7,4,2.4546322078177,4.93523236669395
5,77,16,22,7,3.08995270061245,6.67628934915627
5,77,52,58,7,2.34118346746819,5.69061288872596
5,78,16,21,6,3.07947415977221,6.410783357119
5,79,16,22,7,2.95491635340603,7.06292705809735
5,79,26,36,11,3.09459413739442,7.12953439576772
5,80,17,21,5,2.66602807836118,4.77786271151966
5,80,25,35,11,3.18687850450008,7.01787492554702
5,80,44,49,6,2.80797977346921,5.18014693546789
5,80,71,75,5,2.13838869513255,4.45979309979868
5,81,3,7,5,5.01451668080041,10.3855627823631
5,81,25,37,13,3.19598350358614,5.97845043873936
5,81,71,79,9,2.09759108343217,4.33058412766477
5,82,3,8,6,7.2291248298188,15.7672079343751
5,82,70,74,5,5.2204304022127,10.2757470892396
5,83,3,8,6,8.83040435477309,16.3604008956984
5,83,70,74,5,5.8602004412376,11.025739618851
5,84,3,9,7,8.14390556677821,15.8106245785673
5,84,68,74,7,12.0495218851808,22.9044832143484
5,85,3,9,7,7.16343118954186,13.4409339511771
5,85,68,74,7,12.3752922371146,24.0459160816725
5,86,5,9,5,2.49374769478461,6.25307854079972
5,86,36,46,11,3.11034764438502,5.25424594113622
5,86,69,74,6,5.14851875369479,11.6246021446169
5,87,21,26,6,2.89678761381365,6.65267322449649
5,87,36,46,11,4.58256845802714,8.29630032111438
5,87,59,64,6,2.68742122429938,7.05831517380564
5,88,36,44,9,7.16233673226897,13.7205823238974
5,89,13,19,7,3.10241257730603,8.55112872205371
5,89,36,43,8,6.72761382639329,14.1384130868562
5,89,51,64,14,3.19556217491092,8.49910675788501
5,90,2,5,4,2.87774648123646,7.18410122634153
5,90,12,20,9,4.67497124129716,12.7635482866036
5,90,36,42,7,5.36243899854429,9.92320502889293
5,90,51,64,14,4.65589713676137,8.70048955901215
5,90,70,73,4,2.03049673321478,4.85378578035763
5,91,2,6,5,6.7831694951523,14.7142801233033
5,91,11,19,9,5.11322362911621,13.0305333249078
5,91,35,42,8,4.85176437550181,9.3044358380248
5,91,51,64,14,3.72405048039964,6.84240519116491
5,91,70,74,5,4.45278977336682,8.34017890951918
5,91,82,90,9,2.40494324771912,4.48803164366734
5,92,2,7,6,4.01437217655932,9.46693774457783
5,92,11,19,9,4.83435418350633,11.4780708252523
5,92,27,42,16,3.06341858645135,7.89163590755433
5,92,46,64,19,2.02785267936291,7.03453816593212
5,93,2,8,7,2.17314717772316,4.2722287288324
5,93,26,42,17,2.1606912076951,5.43233181423351
5,93,59,66,8,3.81973608913679,8.88232584967853
5,94,68,75,8,2.95948289597214,7.41075218649945
5,95,69,90,22,2.09159151642774,8.99165427802117
5,96,2,10,9,2.52970421422869,5.38309953782708
5,98,16,34,19,2.96561697598732,6.35226061222443
5,98,69,75,7,2.254614201093,4.949388288007
5,100,70,75,6,6.90379367962639,13.6609537393513
5,101,69,76,8,5.70603591657612,13.3207616284914
5,102,69,75,7,6.57687682717609,15.0135342912541
5,103,69,74,6,10.2698877243956,18.0331411657944
5,104,69,74,6,8.57470450922136,16.4549457753265
5,105,71,75,5,3.68655647624241,8.05471942590789
5,105,87,90,4,3.94248698960506,6.87828450516845
5,106,46,64,19,2.59867262703314,6.57297193142881
5,106,71,75,5,3.3803167465613,7.36096093732916
5,107,46,64,19,3.1310905604848,5.32882397482609
5,107,71,76,6,3.2619497151636,7.1638040591829
5,107,79,85,7,2.29486765115381,4.57184872412581
5,108,33,39,7,3.34292222227712,6.76720492650964
5,108,70,74,5,4.9548107579325,8.91514259866857
5,109,34,43,10,3.71482685375787,8.28170601619756
5,109,49,64,16,2.011662746775,5.79315616287156
5,109,70,75,6,4.97924780910421,11.9098912220623
5,110,34,45,12,4.20799535606323,6.80601624007015
5,110,50,64,15,3.28443498530651,6.47026472379369
5,110,68,74,7,5.03091971199654,12.3682090653134
5,110,80,86,7,2.22301247285284,4.64416497013518
5,111,34,45,12,5.39014963038279,8.66274324850379
5,111,51,60,10,2.72737792861465,5.78397515808089
5,111,69,74,6,3.13013831594731,8.42099921260612
5,112,33,45,13,6.16919010815506,11.042569719368
5,113,31,46,16,4.65458244179171,9.9873836646855
5,114,31,58,28,2.96223983795349,8.1906641943053
5,115,30,52,23,3.61389008830313,7.74313079478034
5,116,12,15,4,2.69075810611429,5.23278190256294
5,116,20,51,32,2.39277911116109,6.17880086076846
5,116,66,69,4,3.63246207726118,8.08492460774282
5,117,11,16,6,4.48581247794599,11.7676628656213
5,117,21,38,18,3.94893865454179,9.48687100862587
5,117,40,51,12,2.09351775040874,4.15850110932944
5,117,65,73,9,5.55299567130592,15.3089141983298
5,118,11,16,6,6.06497527164832,14.4474081105594
5,118,21,49,29,3.59891393760808,12.348333832227
5,118,65,80,16,4.17045179038344,12.7053795077005
5,119,11,15,5,4.8006771058645,9.14099254937936
5,119,21,45,25,4.55766080642615,14.1784239086329
5,120,21,38,18,6.57738958590346,12.5912495135076
5,121,20,38,19,5.01515118801595,11.6616237902663
5,122,19,39,21,3.61453021705613,12.403610357751
5,123,18,40,23,4.03995004044056,13.2010796898766
5,124,18,56,39,2.81113808272944,11.6638719374037
5,129,67,73,7,2.97117638941237,6.47043507719272
5,130,65,72,8,6.57995127796759,11.8904704064273
5,131,53,73,21,2.92764953112149,11.7077529703955
5,132,51,73,23,3.32340266765499,10.488630110802
5,133,60,74,15,2.69280332430321,6.59911845789072
5,134,68,74,7,2.46082257074199,5.34000513387986
5,137,69,75,7,3.4894785200397,7.29607230050353
5,138,69,74,6,2.25895125911491,5.11848537066032
5,142,87,90,4,2.24810477553529,3.96022606543407
5,143,86,90,5,4.75574696576117,6.86880071707516
5,144,69,76,8,3.9810004252519,8.83187958116411
5,144,86,90,5,4.88058324699777,6.07900575395364
5,145,69,76,8,3.54319628231284,7.73437530866619
5,145,85,90,6,3.52041993823468,4.69397220832807
5,146,5,15,11,3.49687924747695,5.81318097974381
5,146,83,90,8,5.1582109063169,7.38913735146056
5,147,5,17,13,5.56739079109742,11.6569026501903
5,147,83,90,8,4.93684276357656,7.22339944362631
5,148,8,19,12,3.38562210852815,8.68971419562941
5,148,84,90,7,5.09388165060449,7.51915505843267
5,149,85,90,6,3.34761546186767,4.39406694685846
5,160,75,90,16,2.80666672659734,4.51788688452355
5,161,75,90,16,7.48612502805936,10.5479514379784
5,162,75,89,15,9.51580276083196,14.7807564683092
5,163,71,90,20,7.22644760928564,15.5877829984258
5,164,76,89,14,7.09000310330135,12.9347223441674
5,165,71,88,18,2.92776102464262,8.30529017268617
5,166,72,88,17,2.23156557277734,5.84852340890621
5,169,80,90,11,2.08699513620648,4.84072979740228
5,181,44,54,11,3.40445522598619,6.41460129126304
5,182,43,54,12,4.90786331159352,8.53821650777393
5,183,36,55,20,3.89240734161386,12.3864377719453
5,184,36,56,21,7.18568388398563,14.8915606512129
5,185,38,61,24,4.02173210008343,9.99217938992914
5,186,38,61,24,2.06719777593192,6.27021409945412
5,187,2,13,12,4.72430459026103,13.723370785975
5,187,40,48,9,2.3143571387,4.99224689194872
5,188,2,12,11,5.45001811117605,12.1867118443371
5,189,2,12,11,3.56143138711732,7.10123504901813
5,191,19,46,28,3.43400096995533,5.26021566773217
5,192,18,46,29,2.93989754948826,4.68546701112555
5,204,70,90,21,2.15263162718532,5.05920113333695
5,207,68,90,23,2.3250918532572,4.40193796405329
5,209,69,90,22,4.28575882775048,6.7356142950555
5,210,51,62,12,2.44280308398967,5.41427515503563
5,210,69,90,22,4.97369009361626,6.75358285348575
5,211,51,63,13,2.09146395121916,4.88064472961042
5,211,70,90,21,4.70210059137902,7.70497880727238
5,212,51,90,40,2.35841356039018,4.43511891672838
5,214,68,74,7,2.05791042772548,4.25648932228421
5,215,13,73,61,2.15314662240024,7.60998327293722
5,216,42,72,31,5.84301273673069,12.4154071441662
5,217,11,40,30,2.13671466893967,3.74970283756325
5,217,43,73,31,7.51894091564747,18.4336256722557
5,218,11,57,47,4.51921767422686,23.4689169739526
5,218,59,73,15,9.13662415853268,15.1591807839587
5,219,11,56,46,5.0215793435064,24.8659187415271
5,219,60,74,15,10.6648559737456,18.3576782966431
5,220,26,54,29,6.8810114936557,22.5311228616541
5,220,60,75,16,10.2833978236911,23.738097904362
5,221,10,50,41,5.66777717590558,17.9888448001966
5,221,59,75,17,9.8855901729746,24.7781439039409
5,222,2,5,4,2.21813703812314,4.2858968936252
5,222,10,48,39,7.17186837008999,17.8627104651538
5,222,58,75,18,9.96470910262707,26.2446668692459
5,223,2,6,5,5.18058784153053,9.26937697542902
5,223,10,48,39,7.37927769927721,15.7501049945067
5,223,57,67,11,10.9949740539819,21.9281615556153
5,223,70,75,6,3.67385416731088,8.1173772715037
5,224,2,6,5,6.03028573931962,12.1073003759376
5,224,10,17,8,6.79643862149398,14.2838106147026
5,224,20,48,29,4.53566359750578,11.1199497794718
5,224,55,74,20,8.09987925026265,17.9859924914773
5,225,2,5,4,5.3883755157684,10.6527514792994
5,225,10,17,8,7.87987052985034,17.1832968755691
5,225,21,42,22,4.96049994595832,12.979893494162
5,225,55,74,20,7.69872886598014,14.1108542974815
5,226,9,15,7,7.77952625965568,16.9476204447267
5,226,21,29,9,5.61387620990487,12.8075832097014
5,226,30,41,12,2.74171206001006,5.31557755224945
5,226,55,74,20,7.90962693665171,20.8548673243438
5,227,2,14,13,4.24910509756764,13.4385688931742
5,227,20,28,9,6.44085497613993,11.2673975159688
5,227,32,39,8,5.23669782951152,10.3193860366006
5,227,55,75,21,8.36558454948842,24.4161119919872
5,227,87,90,4,4.03918300083558,6.19246271069912
5,228,5,12,8,6.95870680812313,12.9092096325955
5,228,19,28,10,8.57956793284945,14.6762668192991
5,228,32,39,8,6.62408687411227,14.2829095901396
5,228,65,75,11,10.516677593424,21.9516109411742
5,228,85,90,6,11.2094504133641,14.8278697316529
5,229,6,11,6,5.68797104876924,11.013036758112
5,229,18,26,9,13.8952035939966,23.8774338583591
5,229,30,40,11,7.3567568246996,17.4482280138847
5,229,65,70,6,2.4622655544666,6.16648720763931
5,229,86,90,5,12.9053578168619,15.5320950199376
5,230,6,11,6,4.53612491774839,11.4862282925162
5,230,18,25,8,11.7252586882154,20.9854305500155
5,230,29,41,13,8.62498310372691,15.1344610939914
5,230,48,54,7,4.433899060892,8.03941845225882
5,230,72,83,12,2.6705786275929,6.91982367979745
5,230,86,90,5,4.22146295658077,5.92304337548681
5,231,4,11,8,4.82184665495463,8.9601656874142
5,231,18,24,7,6.34134168898681,11.2257498814928
5,231,29,41,13,10.5384413240753,22.4817699621578
5,231,47,55,9,4.47462634191728,8.18807956466689
5,231,74,85,12,4.26199714027455,10.2374240147311
6,3,7,11,5,2.80458994053235,6.54566535133054
6,4,2,5,4,11.517154846338,27.3793768577226
6,4,7,11,5,5.51342152161745,11.0074101750389
6,4,41,75,35,2.22840000414183,6.73667238908047
6,5,2,5,4,10.9226283691828,26.8590191692346
6,5,6,11,6,6.54687485010407,14.5364291873234
6,5,41,76,36,3.87379914340345,13.9339675673792
6,6,2,11,10,8.73009262897853,26.4219123894329
6,6,41,76,36,6.66653276867892,26.9690912824447
6,7,2,11,10,8.07043858912719,22.4351074454974
6,7,41,67,27,6.14927296680428,29.9032942455557
6,7,72,77,6,7.26304162534392,21.8806206106016
6,8,3,11,9,4.80237271815934,21.822729792583
6,8,40,67,28,7.86166741096641,36.2891693096832
6,8,72,77,6,10.0927723479363,27.9893774005187
6,9,3,6,4,11.9964767423275,25.2820345297424
6,9,40,67,28,10.0790523683699,35.0570501099044
6,9,72,76,5,11.4555077431601,27.7098651031293
6,10,2,7,6,11.0181706039499,21.1426683147642
6,10,40,75,36,13.5568020155976,32.5987927856675
6,10,83,89,7,2.47143901263038,5.22160178381762
6,11,4,9,6,4.14670641667267,10.4002450890639
6,11,40,70,31,13.2763238428493,33.8462691906372
6,11,83,90,8,3.99658462297499,7.91213784489421
6,12,5,9,5,10.4443585234025,17.9224628590121
6,12,40,48,9,10.5489463827464,29.6361468247927
6,12,53,69,17,13.4908139470923,23.3084004331757
6,12,83,90,8,5.1492658428199,8.31871009890159
6,13,41,47,7,13.5002723718367,33.7535185968384
6,13,52,70,19,15.3096322787166,27.8675079076915
6,13,83,90,8,5.87184638559954,9.03734739329639
6,14,5,10,6,14.4370699280884,25.1774328245476
6,14,41,46,6,15.1819705546985,35.0239549700216
6,14,59,69,11,17.1290395289768,30.443739282318
6,14,84,90,7,8.37116465402516,11.6398662821187
6,15,5,11,7,14.7126123384134,29.6644585856664
6,15,40,45,6,16.8261981723206,36.0611605099727
6,15,61,66,6,10.7104629722921,16.6418277884387
6,15,85,90,6,12.036492085579,15.4541183980257
6,16,39,45,7,16.2776785941792,34.9907486174844
6,16,75,78,4,4.08285636315711,8.50960665759769
6,16,85,90,6,13.4362142244387,17.9397552754109
6,17,2,12,11,13.8895273517942,30.4480091863911
6,17,38,43,6,14.8767769445791,32.1688904053077
6,17,74,79,6,4.11276083895916,12.1036473456399
6,17,85,90,6,12.8360850847457,18.090622435342
6,18,2,12,11,14.5010604304948,24.9267836526972
6,18,38,42,5,19.4343115187097,37.077924260231
6,18,72,79,8,6.17504062386682,15.7560675806535
6,18,85,90,6,9.52746852540282,13.7805994201982
6,19,2,13,12,11.4937283237205,18.9801347672111
6,19,38,41,4,21.4595758003012,37.6088625892817
6,19,72,79,8,8.43316099832106,17.7652399934586
6,19,86,90,5,5.40144961548602,6.93164668895637
6,20,2,13,12,8.25794667988363,16.6445215997818
6,20,22,27,6,2.43046757704051,5.77081776545359
6,20,37,40,4,15.2459639528156,31.8638735004009
6,20,69,79,11,7.17704934147018,17.8030691098537
6,21,2,12,11,4.29201116343259,10.7210191789582
6,21,22,28,7,3.29652196739847,7.30416481291812
6,21,37,40,4,18.0415871743287,35.0197395258921
6,21,45,53,9,20.8581066630706,28.7550499203758
6,21,59,79,21,4.78970196483134,15.7419217277468
6,22,20,28,9,4.08803640862609,8.44664859286661
6,22,37,40,4,20.5577944123698,37.329606663719
6,22,44,52,9,6.53658862361002,22.4681329500906
6,22,58,63,6,2.41475247527877,5.86694541529357
6,22,66,79,14,5.48478435422533,12.2337243624308
6,23,19,28,10,5.30419858766253,9.93607452655796
6,23,57,62,6,2.58979470778779,5.9448327643717
6,23,67,78,12,3.80014637179986,7.52168797595226
6,24,19,27,9,7.00605749552426,13.3527243098649
6,25,19,25,7,8.51811998074334,15.4140295538583
6,26,2,6,5,2.69949963023296,7.014075628264
6,26,19,24,6,8.15355692878804,15.6740945177256
6,26,38,43,6,16.704443294058,29.5877278601058
6,27,2,5,4,11.6201560751833,19.6707972738076
6,27,19,23,5,9.61814671954271,15.7081759988999
6,27,29,32,4,8.96901861601441,13.1236868359385
6,28,19,24,6,8.51737742565469,17.6178833558159
6,29,19,24,6,7.7347453601827,15.2505902623178
6,30,20,24,5,3.48045692928365,7.09964249950532
6,30,27,34,8,13.9073952040727,29.2110370125746
6,30,65,69,5,3.85930109258907,7.02353201985253
6,31,11,15,5,6.03596480020341,11.8878053182373
6,31,22,34,13,7.61897322139778,21.8071225710865
6,31,65,69,5,3.93617581318942,8.33793984412857
6,32,2,5,4,8.67287209978922,19.2244486759865
6,32,12,16,5,10.8908509798921,18.6803673433197
6,32,24,35,12,6.24768960741449,13.4420556537908
6,33,2,8,7,9.36652686542997,20.7838025198533
6,33,12,17,6,12.3491248765124,25.3835554632336
6,33,22,36,15,4.33270045435389,8.75331483170313
6,33,50,60,11,2.81435988540465,9.02814039097832
6,34,2,9,8,11.9555317768143,20.2067114696826
6,34,11,17,7,12.8065049213814,26.0821462676033
6,34,21,37,17,3.87968903561525,10.0366888948347
6,34,51,61,11,4.37685776970862,12.1754213318501
6,35,2,17,16,12.1045327271619,21.6587836815633
6,35,21,31,11,5.39160651678186,10.6262997766799
6,35,54,61,8,7.29062961663189,14.2284985184966
6,36,2,17,16,11.6909856541115,20.5609866936717
6,36,20,32,13,4.23103296193049,10.1000694647262
6,36,54,62,9,6.40671041600883,13.4430388322877
6,37,2,16,15,11.5219280594662,21.6491076650166
6,37,20,33,14,3.65906903016859,8.98028784066558
6,37,55,63,9,4.29184060808661,9.11478756056683
6,38,2,14,13,11.9877808339162,22.1478525177805
6,38,19,34,16,3.16723493317626,8.14496169256101
6,38,57,63,7,3.04580935618203,5.65236855676302
6,39,2,13,12,11.198973435813,20.796143771684
6,39,20,34,15,4.57208233796069,10.3777033074114
6,40,2,12,11,12.9171348803205,20.1482632213583
6,40,20,35,16,4.99377957260813,12.2564422199294
6,41,2,12,11,14.4215776380204,20.9499107531439
6,41,20,35,16,5.28910782982851,13.270196590544
6,42,2,12,11,15.4967988763522,22.422381925819
6,42,21,34,14,6.06028281131774,13.7507068427562
6,42,75,81,7,2.32487998097952,5.3349336442573
6,43,2,12,11,15.9952956638455,24.3265224679853
6,43,21,33,13,6.43619246238292,14.2962617469605
6,43,44,50,7,2.6453249257549,5.03228924471737
6,43,74,80,7,4.34793861084495,8.49022157243988
6,44,2,12,11,16.651618117258,26.2743468889559
6,44,23,33,11,7.87235756624879,15.8927502717065
6,44,43,50,8,2.7922838971012,6.3876167050325
6,44,74,80,7,5.24290440586132,10.34263215616
6,45,2,13,12,15.7052462726973,26.4249908461763
6,45,24,33,10,10.2834068526507,19.3028405063203
6,45,43,49,7,3.72523831425229,6.91484437228642
6,45,74,79,6,5.17738914178435,10.263108922775
6,45,82,89,8,6.88617071902031,14.8816953871708
6,46,2,13,12,15.125226521581,23.85843525418
6,46,24,34,11,11.5851666959083,23.1572050086009
6,46,40,49,10,3.82566143819809,7.88303211251827
6,46,73,77,5,2.87206638941728,6.01744630948849
6,46,82,89,8,14.6590280848855,27.0595068739729
6,47,2,13,12,13.6567817731253,20.7947731368963
6,47,24,35,12,11.9448693805302,21.6014136210455
6,47,40,50,11,6.36090636413561,11.938378934385
6,47,82,90,9,10.8803460694133,17.8466762888654
6,48,2,14,13,10.9968003676137,20.1878900519348
6,48,24,37,14,11.9791641262817,19.4981149334977
6,48,39,51,13,8.45214081791804,19.6696103404568
6,48,69,76,8,5.35505068608037,11.5531364486931
6,48,82,90,9,8.81912187136287,18.5874430767585
6,49,2,14,13,12.4109108639716,29.1481211839699
6,49,24,51,28,12.5325041757077,26.8103322517441
6,49,81,85,5,3.19235806368292,6.52833392684731
6,50,12,15,4,11.0801451137033,24.3343193601233
6,50,23,40,18,14.6036492247064,32.4411014032238
6,50,43,51,9,13.5361746970894,27.1562515388001
6,50,63,71,9,3.65557881473305,7.31910870236709
6,50,78,84,7,2.67225572955258,6.64154548138579
6,51,7,17,11,15.590297463218,31.0000010192044
6,51,22,40,19,14.4481131032801,32.0581998324911
6,51,44,50,7,12.1427383408832,21.6443804652199
6,51,62,70,9,7.35623767705507,11.991073668325
6,51,77,83,7,5.49774870136207,10.1684785384488
6,52,7,40,34,12.0099179244301,28.5432860691698
6,52,44,50,7,10.118766157784,18.3983693464558
6,52,62,71,10,9.48231019723227,16.8961698571085
6,52,77,83,7,7.39405616145402,12.7433821200559
6,53,8,41,34,10.5968611576309,22.9900570169817
6,53,44,50,7,9.02268755756524,16.5687395560399
6,53,62,70,9,13.0116065818633,22.2261515614292
6,53,76,83,8,7.50983852429634,14.1347650643853
6,54,2,6,5,6.95425219898427,15.2393435732023
6,54,10,41,32,9.42111312563016,23.300535038218
6,54,44,50,7,8.43659611052698,15.6375966923206
6,54,62,70,9,12.230033152666,24.4666323888904
6,54,76,83,8,8.46287781622752,15.1068218556908
6,55,2,7,6,16.6664582147,30.0758278779958
6,55,14,50,37,8.9153225438753,25.8664398867423
6,55,62,69,8,14.501973654011,25.3618384215917
6,55,76,83,8,10.0546276209562,16.4782461172989
6,56,5,8,4,10.467205129771,26.4309762921667
6,56,14,50,37,9.00431411491535,27.4767041065894
6,56,62,68,7,17.3270652100451,27.2696295925745
6,56,75,84,10,8.50648081114385,16.6656746319933
6,57,14,51,38,8.6817502328569,27.9118574254246
6,57,61,68,8,12.6157415193064,26.9593794937385
6,57,75,85,11,8.18580686899381,16.8680821391683
6,58,12,25,14,12.3844847502955,27.5665936316513
6,58,33,51,19,9.93436754133976,24.0103675638081
6,58,61,66,6,11.6965873111118,21.6522325316129
6,58,76,90,15,7.92620635960128,19.4083113334212
6,59,8,21,14,16.244914759852,31.8171238098155
6,59,32,51,20,11.0552237702237,27.5493869855449
6,59,58,64,7,8.86006542527538,17.1643213298824
6,59,79,90,12,11.7611945216738,22.7616753212277
6,60,7,25,19,21.5081717809971,32.7407134720733
6,60,31,51,21,12.2328738958254,25.7553150365603
6,60,58,64,7,13.0594830672602,21.8442216129042
6,60,80,87,8,12.167113661296,23.2162008560767
6,61,2,14,13,22.4251417602995,29.4710166397505
6,61,30,52,23,9.98345958946283,21.2506934937125
6,61,58,64,7,16.016061667603,26.57215140737
6,61,71,77,7,12.9451052089166,24.0282332694044
6,61,80,85,6,4.31707797737598,12.829895476584
6,62,2,14,13,16.7915198535156,33.1859630324094
6,62,30,52,23,8.67973196734591,18.1306585039164
6,62,59,66,8,8.30863025462489,16.9840473289361
6,62,71,78,8,13.585494233569,24.0571981232649
6,63,2,5,4,2.53871102363495,6.81593845004075
6,63,8,14,7,21.9579401995707,36.8681651836468
6,63,30,46,17,8.53134485770085,19.0537627984197
6,63,49,53,5,5.09610625041077,9.38369379325412
6,63,59,67,9,3.81579931011572,6.4559757799124
6,63,71,80,10,10.7383667862323,20.4147123969885
6,64,8,13,6,20.9402132563714,31.0860167833819
6,64,20,23,4,7.08696675338943,19.1784775031012
6,64,31,46,16,9.12412395959772,21.2314451022254
6,64,50,56,7,4.6089821740913,9.45090414947861
6,64,71,81,11,8.28095617278745,16.1116449380146
6,65,8,13,6,21.4244931463478,32.8969878562857
6,65,19,22,4,7.34388993441275,19.6430438503873
6,65,31,46,16,8.37150045402106,21.0573402793779
6,65,50,57,8,6.72106630301659,14.5254505946489
6,65,71,80,10,7.25746461530142,11.9272219625744
6,65,87,90,4,12.5705263722421,21.4391505994087
6,66,18,21,4,6.90529537812887,18.4376110643701
6,66,33,46,14,8.47914206379803,18.7525576153796
6,66,50,56,7,11.1081966028513,20.3266483746656
6,66,66,81,16,3.24875963836483,8.38750945745619
6,66,87,90,4,8.49054746284022,13.8825161403922
6,67,16,20,5,9.62661204415869,25.5895074137053
6,67,35,46,12,8.52191366747913,14.0926745886601
6,67,49,56,8,12.7626018912598,25.2667437483878
6,67,65,81,17,2.48705570005546,6.20981007872749
6,67,87,90,4,6.14442968252592,10.0954323635493
6,68,15,18,4,11.5703774814139,24.9132599930038
6,68,23,29,7,2.07855400222134,4.61447306872973
6,68,36,46,11,6.98147456500092,11.2346494656779
6,68,49,57,9,12.852840051626,25.3544612076604
6,68,65,70,6,4.21522826191045,8.94035793113979
6,68,72,81,10,2.04798743493682,4.20079080348182
6,68,87,90,4,4.84547424341638,7.96327623553889
6,69,14,17,4,12.5308252824959,27.453556647858
6,69,23,30,8,4.66755354221877,10.1309168831978
6,69,36,46,11,3.79234355786906,10.7567252703578
6,69,49,58,10,11.7164640516189,23.0425786490874
6,69,65,70,6,4.41417333375011,8.65839078798857
6,69,87,90,4,3.86709597013584,5.7924311354081
6,70,8,11,4,19.3913639675786,35.0038376153431
6,70,23,31,9,5.71199430505217,13.7559042488675
6,70,37,42,6,4.13288482535771,9.49534123667414
6,70,48,59,12,10.1605755915253,21.5868227492773
6,70,86,90,5,2.13028565890491,3.2537143114988
6,71,23,31,9,7.57263413205073,15.1352919022563
6,71,38,41,4,4.67561186309653,7.91689116868157
6,71,48,59,12,11.1710582510917,21.7248438972025
6,72,8,14,7,15.5565381000013,30.901383177185
6,72,22,32,11,6.78354325933937,14.360472121046
6,72,49,60,12,11.077459418208,21.3337190671473
6,73,8,13,6,11.5164948648553,21.9388978575904
6,73,21,33,13,6.37435440862847,11.3046921986499
6,73,50,60,11,11.4458052502462,20.8408604371917
6,74,8,12,5,4.83628158034414,9.28901017525973
6,74,21,35,15,6.91490047872015,12.2612606678253
6,74,50,60,11,9.35999426846919,18.4924586484985
6,75,6,13,8,3.96619769514854,10.9195856301894
6,75,21,35,15,8.67284929696094,16.3077819554235
6,75,41,45,5,5.43443251917243,10.6261455996887
6,75,51,59,9,8.90488136892023,14.7948943518529
6,76,6,13,8,8.48778770524452,16.5163082806529
6,76,20,36,17,5.84711559597475,13.9943247793907
6,76,41,46,6,4.79102806776701,11.8604471960761
6,76,52,59,8,6.1664348943649,10.5342363213242
6,76,72,76,5,2.46552528335433,4.8199773666904
6,77,6,13,8,2.44968171238721,4.88080747926252
6,77,20,37,18,4.11725783397293,11.2224720299329
6,77,41,46,6,3.60023809169944,7.782913995777
6,77,52,60,9,3.25870088782965,6.98968609010625
6,77,71,76,6,2.5187318331562,4.94674280019407
6,78,20,38,19,3.16770244728872,8.37089703954419
6,78,40,46,7,2.21211316732723,5.44640435724944
6,78,51,65,15,2.9460018491356,5.88508995752564
6,79,19,45,27,2.48774643016701,6.27492771265095
6,79,50,65,16,3.14998762861493,6.57443362764124
6,79,73,79,7,2.32505174706411,4.41576316836352
6,80,19,45,27,2.21681690750885,4.91264384801751
6,80,48,65,18,2.92236650152503,7.68808042216034
6,80,73,82,10,2.02253949153163,4.91674016379186
6,81,19,61,43,2.40407960038539,8.64481149675928
6,81,73,83,11,2.11225907773456,4.64958657428907
6,82,38,60,23,3.18239491192807,8.6065346929923
6,83,38,59,22,3.34390337976301,7.44175372145262
