"cellIndex","windowIndex","frameIndex","termination","Duration","avgSpeed","maxSpeed"
1,1,5,14,10,6.3708309,13.59108
1,1,32,41,10,3.17818789,6.951769
1,1,48,63,16,6.05729775,11.79469
1,1,73,88,16,5.54365780625,16.10779
1,2,6,18,13,4.98324832307692,13.61238
1,2,30,40,11,4.16204912727273,9.451345
1,2,48,58,11,5.896188,10.59698
1,2,72,87,16,4.69316225625,13.88191
1,3,5,18,14,4.52329498571429,11.0061
1,3,30,40,11,4.1906911,9.769292
1,3,48,56,9,5.49192791111111,10.18493
1,3,76,85,10,5.17331167,10.59065
1,4,4,17,14,3.971555075,7.469586
1,4,29,41,13,2.29916450692308,8.248005
1,4,48,55,8,3.243824075,7.092303
1,4,77,84,8,2.539213120125,5.237732
1,5,2,17,16,2.9751123875,7.415343
1,6,9,17,9,4.58395900222222,10.98945
1,6,21,33,13,2.64273613692308,10.52443
1,7,9,16,8,5.535269575,11.67829
1,7,20,34,15,6.12504587333333,20.60483
1,7,56,64,9,3.86144314444444,6.381015
1,8,2,15,14,4.90082622857143,11.70237
1,8,19,36,18,6.34917061111111,17.64675
1,8,55,64,10,6.11017137,11.40388
1,9,2,16,15,6.877025,15.29218
1,9,25,38,14,5.25256965714286,11.24147
1,9,56,62,7,3.80678548571429,6.78506
1,9,81,89,9,3.20476077777778,4.11119
1,10,2,5,4,6.22235145,13.55453
1,10,13,17,5,2.09044204,4.704232
1,10,25,30,6,2.09905593166667,6.496375
1,10,34,39,6,3.44591126666667,7.835099
1,10,80,89,10,5.11463918,10.87167
1,11,8,18,11,3.38745009090909,6.904303
1,11,35,41,7,2.68964228571429,5.359297
1,11,75,89,15,2.76659953746667,9.336677
1,12,8,18,11,4.51152559572727,9.254568
1,12,36,44,9,3.06100125555556,5.848488
1,12,60,67,8,2.4039116,4.676325
1,13,9,17,9,6.00670811111111,12.34399
1,13,36,45,10,3.742860655,8.159908
1,14,10,17,8,5.946544,11.14948
1,14,33,56,24,2.96050972958333,7.830152
1,15,10,18,9,3.06392831111111,7.101532
1,15,32,53,22,3.10846328636364,7.081354
1,16,29,49,21,2.87742636666667,5.422369
1,17,21,48,28,2.00808567035714,5.311864
1,18,17,27,11,3.57006936363636,8.461016
1,18,57,63,7,2.15235416428571,5.320617
1,19,15,28,14,5.59872162357143,13.82055
1,20,14,29,16,6.3200268,13.57763
1,21,2,29,28,4.260804325,10.08165
1,22,2,18,17,5.7139116,13.93689
1,22,24,29,6,3.68627613333333,7.060078
1,23,2,14,13,9.57919005384615,17.82851
1,23,24,31,8,4.6501951125,9.088954
1,24,2,12,11,5.714224,10.50714
1,24,23,33,11,6.33259027272727,13.47315
1,25,23,38,16,6.42656399375,12.14903
1,26,2,5,4,2.91674895,10.95501
1,26,26,36,11,5.92673520909091,12.10795
1,27,2,5,4,5.74867675,16.55322
1,27,10,17,8,2.0770103625,4.474088
1,28,2,7,6,5.13085330333333,11.75947
1,29,2,8,7,3.76855771428571,6.675998
1,30,2,9,8,3.9989295,9.909926
1,31,2,9,8,6.09820385,13.32324
1,31,35,42,8,2.52556615,5.131458
1,32,2,10,9,5.65915097777778,12.49906
1,33,2,8,7,3.93536768571429,8.423737
1,34,73,89,17,2.63819658235294,7.550833
1,35,72,89,18,3.77888855111111,14.95641
1,36,22,32,11,2.16166842,6.456829
1,36,85,89,5,5.21113918,10.63449
1,38,49,55,7,2.02245017142857,4.612013
1,39,49,56,8,3.1466662625,7.35473
1,40,2,11,10,6.14230874,11.01393
1,40,49,57,9,3.45156505555556,7.298092
1,41,2,10,9,7.29522788888889,12.3458
1,42,2,9,8,4.661616825,7.287333
1,45,86,89,4,2.219278825,5.214607
1,46,85,89,5,2.06851184,5.004144
1,47,10,16,7,2.01413281428571,5.239638
1,48,11,22,12,2.01941981666667,5.213694
1,51,19,36,18,2.46117171111111,9.718279
1,51,76,89,14,2.60968939285714,4.158661
1,52,29,35,7,2.76331761428571,7.943127
1,52,75,89,15,2.89710206,6.105326
1,53,20,24,5,4.14707752,6.731997
1,53,29,34,6,3.50735125,7.836077
1,53,42,47,6,3.04977316666667,6.578973
1,53,50,69,20,2.6693278405,7.863733
1,53,74,80,7,3.04633931428571,7.185127
1,53,83,89,7,2.07591787142857,3.836615
1,54,20,24,5,4.1654938,7.287683
1,54,29,35,7,5.39157251428571,11.57524
1,54,42,47,6,6.165836,11.81288
1,54,51,57,7,3.00285114285714,6.797093
1,54,60,69,10,4.3996895,7.960484
1,54,74,79,6,3.19820375,6.297677
1,55,11,18,8,2.451857925,5.630791
1,55,27,34,8,3.024818375,6.776222
1,55,42,48,7,4.93556602857143,10.28411
1,55,52,73,22,3.04948004272727,9.980703
1,56,9,18,10,5.98379508,10.64014
1,56,20,37,18,2.10868890555556,5.590091
1,56,39,45,7,2.95012094285714,6.961148
1,56,52,58,7,2.00449876428571,4.437435
1,56,84,89,6,2.896642025,4.021387
1,57,7,20,14,6.21393107857143,12.93987
1,57,33,45,13,3.55751910769231,11.17516
1,57,84,89,6,4.4432131,7.17575
1,58,6,21,16,4.97110650625,13.0859
1,58,33,46,14,3.18092468571429,9.82702
1,58,83,89,7,3.27995176,5.125323
1,59,2,21,20,3.5455336925,11.77179
1,59,37,46,10,2.34658582,4.2003
1,60,2,13,12,3.65688552666667,9.200862
1,60,15,34,20,3.181936539,7.159266
1,60,60,67,8,2.552432675,5.879814
1,61,18,36,19,5.51431926105263,12.35537
1,61,60,67,8,3.244528375,6.261092
1,62,18,38,21,6.0732791047619,9.757285
1,62,73,82,10,2.582051721,5.83065
1,63,19,39,21,4.43169357619048,8.143794
1,63,73,81,9,3.00105745555556,7.418835
1,64,2,32,31,2.19070069580645,5.821068
1,64,35,40,6,2.41137361666667,5.457852
1,64,43,49,7,2.04398374285714,4.709146
1,64,53,58,6,5.91712416666667,11.02074
1,64,64,82,19,2.22508266315789,5.652473
1,65,10,30,21,3.09316665,8.078578
1,65,35,49,15,2.08768345666667,6.210818
1,65,53,59,7,5.15443161428571,11.04882
2,1,2,89,88,5.44178820227273,9.045691
2,2,2,89,88,5.71051673863636,9.844731
2,3,2,89,88,5.57062047727273,10.0916
2,4,2,89,88,5.32980320409091,14.34241
2,5,2,37,36,8.90931094444444,20.63358
2,5,43,61,19,4.50375703157895,10.02329
2,5,64,89,26,4.01019345384615,5.515369
2,6,2,36,35,7.80494422857143,14.40004
2,6,41,60,20,4.876591125,11.08953
2,6,65,89,25,3.850290592,5.502655
2,7,2,60,59,6.32072147457627,12.91333
2,7,66,89,24,4.00854081666667,8.716429
2,8,2,61,60,6.37461157666667,11.74519
2,8,66,89,24,4.38714005833333,10.67257
2,9,2,61,60,6.435707475,10.18199
2,9,66,89,24,4.37757190833333,9.228573
2,10,2,62,61,6.22532097540984,10.90779
2,10,65,89,25,4.4608903104,8.736874
2,11,2,89,88,5.25916133295455,10.04784
2,12,2,89,88,5.47897009090909,10.16752
2,13,2,89,88,6.14715709090909,11.25732
2,14,2,89,88,5.69003764772727,10.2066
2,15,2,89,88,5.34706372727273,11.26706
2,16,2,50,49,7.89419838163265,14.71535
2,16,63,89,27,3.43785256814815,8.154769
2,17,2,48,47,9.02790502553191,22.84018
2,17,65,89,25,3.747020528,7.742413
2,18,2,46,45,10.7235479466667,28.14487
2,18,55,59,5,3.2914158,6.153935
2,18,66,89,24,3.46238859583333,4.156762
2,19,2,38,37,10.6199509189189,30.90722
2,19,55,60,6,3.87252266666667,8.629962
2,19,66,88,23,3.34339529130435,5.403392
2,20,2,38,37,11.5661606756757,31.05598
2,20,55,60,6,2.60853881666667,5.631789
2,20,67,89,23,4.84566195652174,6.588468
2,21,2,33,32,13.44802821875,25.64971
2,21,35,40,6,17.731434,33.36921
2,21,56,62,7,2.00851084285714,4.070347
2,21,68,89,22,7.31369655909091,16.51923
2,22,2,20,19,14.9021583157895,31.21652
2,22,27,33,7,11.660353,27.22435
2,22,36,48,13,15.0979493846154,31.09138
2,22,56,64,9,4.54148467,8.784315
2,22,70,89,20,9.1151761,24.33783
2,23,2,20,19,17.7906559789474,34.16292
2,23,28,32,5,9.630744934,26.39256
2,23,37,48,12,17.7061073333333,34.2921
2,23,57,66,10,6.8670415,13.04315
2,23,70,89,20,10.5664502,33.81614
2,24,10,20,11,13.8811132727273,31.23717
2,24,58,65,8,7.6892405,13.31672
2,24,70,87,18,8.71974129444444,33.56868
2,25,10,20,11,10.0711758272727,28.8046
2,25,25,30,6,15.6410452333333,27.11045
2,25,59,66,8,7.592718625,15.71461
2,25,69,74,6,3.36764516666667,6.899508
2,25,82,86,5,18.4016808,37.05956
2,26,10,13,4,9.716728,25.79593
2,26,23,31,9,12.452278,27.81675
2,26,37,40,4,21.69489525,36.06494
2,26,52,55,4,7.463417,14.84889
2,26,60,75,16,10.2957854625,21.44765
2,27,23,32,10,9.3352032,28.66072
2,27,61,72,12,18.2443743333333,27.09506
2,28,24,27,4,9.26502125,26.82678
2,28,29,32,4,2.55409725,5.551833
2,30,2,11,10,16.0120935,32.45388
2,30,31,39,9,10.1168421111111,33.43562
2,30,43,47,5,9.6926468,25.29379
2,30,65,71,7,15.8035498571429,22.02724
2,31,3,21,19,16.1080717684211,33.63594
2,31,25,28,4,9.202354,25.52597
2,31,31,39,9,10.5563991,33.94711
2,31,55,59,5,14.4258798,24.88085
2,31,65,72,8,12.458469625,17.41974
2,32,4,29,26,13.8861417115385,32.26098
2,32,35,44,10,18.75865403,31.74025
2,32,66,72,7,13.1350207142857,15.72425
2,33,3,32,30,12.41496441,29.41472
2,33,36,44,9,16.5690862222222,25.13724
2,33,66,73,8,9.692684375,18.40006
2,34,8,20,13,10.1527222461538,26.55787
2,34,36,45,10,17.0373633,24.55289
2,34,66,73,8,9.954212,22.17668
2,35,8,14,7,12.7915204857143,37.61746
2,35,36,47,12,18.2048751666667,26.71363
2,36,9,13,5,19.2793006,43.08348
2,36,36,50,15,13.58000608,23.58248
2,36,53,63,11,15.3797149090909,26.73298
2,36,66,69,4,21.6979215,35.69277
2,37,26,34,9,9.79702977777778,18.47248
2,37,41,68,28,18.0528656071429,32.67542
2,38,27,36,10,10.4768607,17.23617
2,38,41,48,8,19.303904625,28.81786
2,38,54,58,5,11.3490994,24.62686
2,38,61,68,8,14.646394,32.05445
2,39,36,45,10,17.0844724,30.27084
2,40,38,44,7,20.98121,31.33169
2,41,5,10,6,15.154494,30.95854
2,41,37,45,9,16.7467021111111,32.02524
2,42,3,11,9,20.5956777777778,30.26133
2,42,35,40,6,8.75898865,22.01053
2,42,43,53,11,18.4066264545455,30.54841
2,43,2,11,10,19.1362056,32.30724
2,43,45,53,9,15.8705104444444,23.16157
2,44,14,22,9,12.251556,26.37868
2,44,46,55,10,13.3552639,25.4132
2,45,55,59,5,18.658443,26.6284
2,46,30,38,9,12.3255745555556,18.22678
2,46,45,52,8,20.241008125,37.13543
2,47,2,11,10,17.5347995,39.28098
2,47,46,52,7,23.9752142857143,31.4786
2,48,86,89,4,21.358205,22.72276
2,49,2,13,12,15.8879505,35.81604
2,49,34,39,6,12.2667876333333,22.36687
2,49,86,89,4,7.0575622,21.4585
2,50,6,14,9,9.00113255555556,28.80884
2,50,23,28,6,6.74465166666667,20.19312
2,50,31,36,6,16.5339878333333,39.54751
2,51,7,22,16,11.1879414375,25.75906
2,51,25,33,9,25.0275166666667,29.89568
2,51,74,82,9,18.2049602222222,30.02121
2,52,8,14,7,9.56878271428571,16.26354
2,52,78,86,9,16.5398022222222,22.72405
2,53,7,14,8,13.80699375,21.66219
2,53,79,86,8,6.333618375,13.68749
2,54,8,16,9,17.7877024444444,28.43269
2,55,9,15,7,14.1240736,22.90576
2,57,9,17,9,6.19443295555556,10.36052
2,58,10,18,9,11.8485222222222,23.48894
2,61,10,14,5,22.012676,32.83507
2,62,10,15,6,20.512315,35.9787
2,63,10,19,10,18.0647487,30.26733
2,63,57,65,9,16.2426991666667,27.97765
2,64,57,66,10,11.9929411,28.37077
2,65,57,64,8,12.605432625,22.71017
2,66,57,65,9,9.78734122222222,19.82054
2,67,49,65,17,16.1494252352941,24.55729
2,68,49,65,17,11.7886282941176,23.47192
2,68,70,75,6,16.378771,25.88446
2,69,49,65,17,9.81712476470588,24.74457
2,70,49,65,17,10.0162674647059,24.22901
2,71,49,65,17,8.46486258823529,26.33502
2,72,2,5,4,11.0169465,18.85862
2,72,42,47,6,8.46001416666667,16.12315
2,72,53,65,13,8.73287124,25.51828
2,73,2,5,4,3.90461125,7.327585
2,73,10,13,4,18.320876,32.72981
2,73,42,48,7,13.5928791428571,23.74726
2,73,52,58,7,12.5128815714286,25.8506
2,73,61,65,5,8.0850054,21.28682
2,74,9,13,5,12.80307668,38.1103
2,74,41,49,9,18.1470495555556,30.98896
2,74,52,58,7,9.580997,21.09304
2,74,61,65,5,7.2513194,19.40485
2,75,57,64,8,9.218439375,22.51005
2,76,26,36,11,18.612564,27.93661
2,76,41,49,9,13.0794706666667,28.65911
2,77,13,19,7,17.9946146857143,32.00755
2,77,26,35,10,21.6492896,30.77354
2,78,11,19,9,8.42924633333333,14.34175
2,79,8,20,13,9.18756325384615,26.70684
2,80,14,21,8,9.16517575,27.03361
2,81,15,26,12,14.0977895833333,36.59155
2,82,16,32,17,21.5695382352941,34.13502
2,83,16,32,17,16.1946097647059,32.23677
2,83,42,48,7,17.58088,28.84859
2,83,78,82,5,22.806902,30.57916
2,84,18,25,8,11.3162979625,28.66571
2,84,28,32,5,15.25179972,32.96589
2,84,41,48,8,19.154482625,39.71702
2,85,21,25,5,10.5374416,26.37021
2,85,29,32,4,16.26107925,30.9679
2,85,41,48,8,22.95304125,39.28712
2,85,78,82,5,23.037696,33.30702
2,86,21,33,13,16.8129869230769,37.8475
2,86,78,85,8,20.130861125,29.45481
2,87,20,35,16,15.4380685,25.18369
2,87,73,86,14,17.4189247857143,27.34976
2,88,13,34,22,18.7275505454545,35.38684
2,88,73,89,17,12.0059123294118,21.49825
2,89,13,35,23,13.7747942173913,26.10425
2,89,49,53,5,12.80817472,19.76283
2,89,60,66,7,12.631133,26.6864
2,89,74,89,16,12.3125019375,20.72033
2,90,14,37,24,11.828307,26.16551
2,90,40,45,6,9.38749866666667,17.20481
2,90,49,54,6,7.73884966666667,15.4609
2,90,63,67,5,9.2069032,20.54276
2,90,76,89,14,12.6105892,24.59652
2,91,2,5,4,12.6297945,31.4862
2,91,14,47,34,11.4502279411765,24.56578
2,91,50,56,7,9.271872,19.45216
2,91,57,68,12,9.05912081666667,29.99484
2,91,78,89,12,12.5573628333333,23.56802
2,92,2,5,4,9.97529675,25.57537
2,92,14,64,51,14.9793525882353,34.03624
2,92,78,89,12,8.66466309166667,19.4817
2,93,13,53,41,11.7276120170732,30.55758
2,93,79,89,11,7.55344558909091,23.74807
2,94,2,5,4,2.70250725,6.938678
2,94,12,65,54,12.6485840722222,37.73349
2,94,81,89,9,8.3383183,24.88102
2,95,2,7,6,17.2021861666667,31.23814
2,95,12,59,48,8.3481792,20.65195
2,95,63,71,9,17.0132594444444,33.84937
2,95,81,89,9,8.88858221111111,22.62404
2,96,2,8,7,17.0161009085714,32.3202
2,96,12,60,49,7.28904194061225,20.54725
2,96,64,77,14,9.18497183571429,27.53123
2,96,81,89,9,9.10186888888889,19.99042
2,97,14,22,9,4.01796967777778,7.98859
2,97,24,60,37,8.84635242621622,29.0104
2,97,65,89,25,7.378408844,21.03865
2,98,16,22,7,2.11633037142857,4.684012
2,98,25,60,36,9.47528840555556,31.10747
2,98,66,72,7,7.00971395714286,13.10965
2,98,74,89,16,7.230051839375,20.68893
2,99,18,61,44,8.01036328409091,32.54722
2,99,67,89,23,6.76008895217391,23.21958
2,100,2,5,4,21.2250325,33.52546
2,100,20,61,42,7.5359792047619,25.75987
2,100,67,80,14,3.79362000714286,7.612384
2,100,82,89,8,14.465290575,26.58341
2,101,2,6,5,18.5568054,37.15918
2,101,22,62,41,6.36640713463415,21.08033
2,101,67,89,23,7.45412627826087,24.55956
2,102,2,11,10,15.9634259,31.80372
2,102,30,62,33,6.07145466969697,14.06748
2,102,67,89,23,7.64826238695652,22.02421
2,103,2,11,10,10.9648404,18.84241
2,103,30,63,34,4.99582245294118,9.870496
2,103,69,89,21,8.00479730285714,20.20814
3,1,2,23,22,7.05664473181818,21.48781
3,1,29,32,4,2.54983325,6.339175
3,1,33,42,10,15.3468858,32.75403
3,1,60,64,5,15.4770916,32.44112
3,1,69,76,8,19.857812125,30.6266
3,1,86,89,4,9.742191925,17.2852
3,2,2,25,24,4.56250139166667,12.8788
3,2,28,42,15,14.2596998666667,35.08614
3,2,49,52,4,2.055972075,4.221828
3,2,60,64,5,17.5893928,33.6789
3,2,68,75,8,14.902392625,24.22114
3,2,86,89,4,11.29456375,14.69562
3,3,2,35,34,6.7270461,31.40829
3,3,60,73,14,17.50452205,33.22198
3,3,85,89,5,7.9429402,11.74375
3,4,7,41,35,9.11551553714286,24.85803
3,4,61,65,5,18.064388,32.1227
3,4,70,75,6,13.8450933333333,26.23617
3,4,84,89,6,9.525271,13.34782
3,5,16,41,26,10.0278847911538,17.59445
3,5,55,60,6,3.24492863333333,6.980191
3,5,62,65,4,18.6530645,31.74394
3,5,70,73,4,8.26447325,22.44992
3,5,86,89,4,8.55126475,12.85678
3,6,7,12,6,4.35854716666667,8.616703
3,6,18,43,26,8.51457584846154,15.63492
3,6,55,60,6,4.43398186666667,7.891607
3,6,62,65,4,15.8010195,31.8772
3,7,7,12,6,5.7442415,11.28802
3,7,19,38,20,10.5387815,18.44333
3,7,54,65,12,8.17020758333333,29.66372
3,7,69,77,9,6.79195855555556,22.70851
3,8,16,38,23,8.16724320434783,23.36669
3,8,50,78,29,12.7646474482759,21.91598
3,9,2,5,4,10.95816,22.09794
3,9,14,21,8,9.745578,19.29878
3,9,24,37,14,12.6663477928571,28.93104
3,9,49,77,29,11.0795171758621,27.43485
3,10,10,21,12,8.97757465833333,26.97394
3,10,25,36,12,13.2998611666667,29.64826
3,10,50,63,14,5.89576035714286,16.22843
3,10,66,78,13,15.2391610769231,25.14154
3,11,2,5,4,7.4432295,20.34048
3,11,9,19,11,6.10621545454545,16.02091
3,11,27,35,9,16.3402623222222,30.94951
3,11,56,62,7,5.72653574285714,10.79326
3,11,66,79,14,14.6698853571429,24.54889
3,12,2,5,4,6.51624575,16.03388
3,12,9,19,11,3.40134186363636,9.919505
3,12,27,35,9,11.1372827888889,23.78617
3,12,66,79,14,12.6369739142857,22.78217
3,13,13,35,23,3.89120364391304,13.02665
3,13,65,80,16,11.66223335625,27.22506
3,14,11,35,25,4.759229952,15.02893
3,14,64,82,19,10.6967631210526,23.1974
3,15,10,35,26,4.71565268230769,20.29201
3,15,64,83,20,10.734360895,18.9416
3,16,2,5,4,4.59236125,10.61034
3,16,10,31,22,4.54609269818182,16.39724
3,16,36,41,6,4.60710383333333,9.354256
3,16,63,83,21,10.3493697714286,20.15876
3,17,2,7,6,3.2318998,6.634742
3,17,10,30,21,4.07767345809524,12.25034
3,17,35,40,6,7.90754795,14.64131
3,17,46,49,4,3.003239575,5.340163
3,17,63,84,22,9.78317046363636,19.78764
3,18,2,30,29,2.57944892068966,5.976267
3,18,35,40,6,5.19771683333333,9.980308
3,18,60,84,25,10.097392124,20.06463
3,19,3,10,8,3.402627875,7.28413
3,19,14,41,28,5.26722505714286,11.50204
3,19,59,68,10,2.39996411,5.766695
3,19,73,83,11,8.54333193636364,17.46518
3,20,14,43,30,10.7373639033333,25.59208
3,20,59,69,11,4.77957542727273,9.237087
3,20,75,81,7,11.5033147471429,20.74465
3,21,9,34,26,15.9653925738462,29.14961
3,21,59,70,12,9.00627241666667,19.3448
3,21,74,81,8,15.6479015225,27.75419
3,22,9,33,25,18.87561304,30.2872
3,22,42,47,6,3.88166633333333,10.49709
3,22,60,71,12,10.4705125833333,27.19634
3,23,10,31,22,20.0591037727273,26.70324
3,23,42,49,8,9.689683855,15.9552
3,23,64,70,7,6.84409842857143,16.21384
3,23,73,76,4,16.92308225,32.72299
3,24,10,21,12,17.2347199166667,32.13722
3,24,25,31,7,18.2646232857143,27.55388
3,24,43,52,10,12.91993,21.45409
3,24,73,89,17,17.1193173529412,31.91956
3,25,10,20,11,13.4357054545455,29.41346
3,25,25,30,6,18.9269683333333,26.19361
3,25,44,54,11,17.3549249,33.47655
3,25,72,84,13,15.3470922461538,32.94078
3,26,10,21,12,14.08046105,35.54025
3,26,24,29,6,16.1271055,26.72622
3,26,45,50,6,16.4423261666667,33.45857
3,26,53,59,7,12.0253657142857,25.29063
3,26,71,84,14,12.1096018657143,35.59282
3,27,10,29,20,10.11119375,22.19494
3,27,46,59,14,13.226371,26.76517
3,27,69,84,16,10.3983490625,33.31843
3,28,48,59,12,15.3465841833333,27.03634
3,28,76,85,10,11.50123181,40.20422
3,29,49,52,4,19.91278525,36.06258
3,30,33,41,9,2.98471753888889,6.26221
3,30,48,51,4,14.4893695,31.24201
3,30,82,89,8,18.191011325,27.08472
3,31,33,40,8,4.2457683875,8.907952
3,31,43,51,9,8.99957906666667,32.44099
3,31,77,89,13,10.0905791692308,22.72138
3,32,7,13,7,10.0015728571429,19.64485
3,32,25,38,14,2.71487867857143,8.263422
3,32,45,51,7,12.6119274285714,30.04522
3,32,79,89,11,14.5031422818182,27.107
3,33,2,10,9,11.6727465555556,30.46816
3,33,31,38,8,3.84563875,8.393767
3,33,44,55,12,7.7831442,16.93497
3,33,60,63,4,5.369968625,11.13913
3,33,79,89,11,13.4636375181818,21.43911
3,35,2,12,11,12.4631087272727,33.70748
3,35,29,39,11,3.16865829090909,8.779143
3,35,45,51,7,8.09240285714286,15.59939
3,35,80,89,10,12.5396878,19.75593
3,36,2,12,11,9.56304554545454,35.49173
3,36,29,34,6,3.907582,7.92285
3,36,45,51,7,5.76311008285714,12.28732
3,36,81,89,9,12.1446443333333,14.29503
3,37,4,9,6,3.02993998333333,7.936807
3,37,46,50,5,2.784293,5.581236
3,37,67,75,9,12.1000765555556,24.28872
3,37,81,89,9,11.7127142222222,17.30645
3,38,10,17,8,15.202347,30.92888
3,38,39,48,10,2.3699146,3.808845
3,38,59,65,7,15.6356258285714,32.97884
3,38,82,89,8,12.169127875,20.8044
3,39,10,18,9,17.1361653333333,30.51139
3,39,28,49,22,5.44377552727273,14.58842
3,39,58,71,14,19.2971004642857,38.13423
3,39,82,88,7,8.31059071428571,15.38959
3,40,9,19,11,17.3587770909091,31.01819
3,40,40,51,12,11.2970110916667,20.00587
3,40,58,71,14,13.8408897928571,35.34152
3,40,82,87,6,7.94517266666667,14.80666
3,41,9,22,14,15.0545350714286,27.35565
3,41,41,52,12,12.580738,20.70052
3,41,81,87,7,8.57509714285714,17.71505
3,42,9,22,14,9.45903835714286,28.26613
3,42,41,61,21,6.6014784,18.01495
3,42,81,87,7,7.323919,16.1604
3,43,2,5,4,6.729147,14.45853
3,43,8,14,7,4.44603382714286,9.669553
3,43,16,23,8,13.61133905,26.79976
3,43,42,61,20,2.967050545,6.193614
3,43,66,77,12,15.7227390916667,34.27386
3,43,81,89,9,9.93947055555556,16.15157
3,44,2,12,11,9.38747318181818,14.85331
3,44,17,28,12,9.79354798333333,20.78731
3,44,65,76,12,15.376662625,22.97229
3,44,81,89,9,16.5353086666667,19.70321
3,45,2,7,6,9.59542483333333,14.56116
3,45,19,28,10,3.945618323,11.03051
3,45,42,59,18,4.28933274555556,15.46369
3,45,65,77,13,11.6633662230769,19.96406
3,45,81,89,9,17.2389987777778,25.54772
3,46,2,10,9,20.5122288888889,34.15092
3,46,67,76,10,5.97341647,11.75378
3,46,81,89,9,11.4074366666667,22.08862
3,47,2,10,9,18.7499268888889,38.2918
3,47,35,42,8,2.236106425,5.672204
3,47,53,58,6,5.80801816666667,12.97729
3,47,68,74,7,2.79662442857143,6.106388
3,47,80,88,9,5.74556288888889,11.71415
3,48,2,11,10,14.2146319,34.98612
3,48,35,42,8,2.821683625,6.260216
3,48,44,51,8,3.46413095125,8.380147
3,48,54,58,5,7.0956496,12.72617
3,48,62,74,13,4.19656892307692,8.480905
3,48,79,86,8,6.2462159,10.18035
3,49,2,11,10,8.11831341,30.38757
3,49,33,59,27,5.20239231851852,19.07334
3,49,63,73,11,6.26400590909091,12.42472
3,49,78,86,9,6.62996932666667,10.62552
3,50,6,12,7,16.0681697285714,35.41221
3,50,40,52,13,6.77532846923077,12.81341
3,50,54,61,8,10.5325720875,23.85768
3,50,65,72,8,4.7317715,9.631384
3,50,78,88,11,5.42879982727273,9.500314
3,51,4,13,10,14.1699091,29.38487
3,51,30,35,6,2.22839096666667,4.446808
3,51,41,51,11,6.49174390909091,11.95005
3,51,55,60,6,8.35475683333333,16.22218
3,51,67,73,7,2.88437282857143,7.250041
3,51,78,88,11,4.14751216363636,8.557727
3,52,2,16,15,14.3521099466667,38.26413
3,52,27,32,6,4.67322466666667,9.578912
3,52,42,51,10,5.93541979,11.83489
3,52,56,60,5,3.0369244,7.821068
3,53,2,17,16,19.6492406875,41.99402
3,53,43,51,9,3.29194314444444,6.123801
3,53,56,61,6,3.77563768333333,10.46519
3,54,2,9,8,16.24486325,31.74894
3,54,57,64,8,14.647778625,30.48725
3,55,2,16,15,13.8706003333333,33.99902
3,55,18,22,5,4.4159274,10.95202
3,55,32,39,8,13.5424705,29.07015
3,55,56,60,5,14.94166122,36.33174
3,55,71,78,8,6.502666625,10.53553
3,56,8,16,9,10.1426985888889,21.71876
3,56,18,24,7,12.2457504571429,19.44559
3,56,56,61,6,15.946843565,39.8956
3,56,66,79,14,10.0230285714286,28.07343
3,57,11,16,6,5.1388449,9.279045
3,57,18,27,10,15.63267163,29.02569
3,57,33,40,8,11.88921325,25.34907
3,57,57,62,6,16.5690663666667,35.85113
3,57,66,79,14,9.03758607142857,26.9047
3,58,13,23,11,11.7766388454545,30.53794
3,58,27,30,4,9.83632925,27.04962
3,58,34,40,7,4.85863285714286,10.41877
3,58,57,79,23,7.93435889217391,22.88931
3,59,6,12,7,5.946835,12.4466
3,59,14,30,17,12.7245734117647,25.64839
3,59,56,70,15,5.46732280666667,11.65798
3,60,7,32,26,9.20766167307692,21.95636
3,60,56,63,8,3.91210608,8.926011
3,61,10,39,30,6.77677313333333,11.77654
3,61,56,63,8,4.71218535,9.439428
3,62,11,21,11,2.64316998181818,3.961164
3,62,26,39,14,5.38400384285714,11.14888
3,62,55,64,10,5.28321859,12.00478
3,63,2,6,5,2.306129,3.89066
3,63,12,20,9,2.07797897777778,4.426394
3,63,26,41,16,6.778491,19.71447
3,64,2,8,7,4.16029248571429,8.204496
3,64,22,41,20,3.033403635,13.80988
3,64,63,76,14,2.98411715571429,8.307337
3,65,2,8,7,3.19329742857143,6.40748
3,65,53,78,26,2.06439391538462,3.885443
3,67,82,89,8,2.06196095,3.849784
3,70,50,89,40,2.15885264225,4.914383
3,71,50,89,40,2.6848315325,6.651752
3,72,50,89,40,2.1036988825,5.87931
3,73,69,89,21,2.22067497142857,3.935031
3,74,68,89,22,2.48332199545455,4.536289
3,75,69,89,21,3.4164347,6.179188
3,76,70,89,20,4.622199465,10.98645
3,77,69,89,21,7.35091857619048,26.41877
3,78,70,89,20,3.921440425,11.79792
3,79,69,89,21,2.47539116142857,6.313713
3,81,13,67,55,2.21345007387273,6.672648
3,82,2,8,7,2.82520592857143,4.483967
3,82,14,29,16,2.75195695,6.804981
3,82,69,82,14,2.60300983571429,4.761775
3,83,2,9,8,4.0276997875,8.057807
3,83,23,60,38,3.03614127105263,17.01615
3,83,68,89,22,2.76326327272727,6.644806
3,84,2,7,6,6.12557151666667,9.124194
3,84,12,20,9,2.57242083333333,6.462908
3,84,26,66,41,2.80320293414634,13.36453
3,84,69,89,21,2.38170727142857,5.795172
4,1,2,14,13,8.20144263076923,21.41471
4,1,41,49,9,13.95411,26.84846
4,1,56,70,15,5.84517122666667,16.2051
4,1,81,86,6,2.69220023333333,6.341864
4,2,2,16,15,7.948298354,24.12662
4,2,39,49,11,11.0731645454545,22.47422
4,2,58,70,13,5.91258600769231,11.10554
4,2,80,86,7,2.24054874285714,5.129027
4,3,7,21,15,9.76714538,30.35936
4,3,38,49,12,10.456561275,19.21579
4,3,60,73,14,9.93742657142857,25.0358
4,3,79,87,9,2.19914244444444,4.890571
4,4,7,22,16,12.517047375,29.76377
4,4,38,48,11,10.5350800272727,18.38623
4,4,61,68,8,9.7474975,39.5554
4,4,78,87,10,3.0085348,5.067792
4,5,8,22,15,14.757061,26.48097
4,5,38,48,11,7.51676569090909,15.48936
4,6,8,23,16,10.43134361875,18.12215
4,6,38,53,16,2.819900915,8.775282
4,6,66,69,4,24.32481025,54.70447
4,6,73,82,10,4.93035934,20.11036
4,7,9,23,15,6.70477905333333,19.95653
4,7,52,64,13,2.50404990076923,5.327818
4,7,66,69,4,20.36057005,45.85924
4,7,73,81,9,5.2036384,12.39459
4,8,14,24,11,5.23190165454545,15.4888
4,8,52,63,12,5.52871458333333,10.71013
4,8,74,81,8,5.558796625,12.79413
4,9,15,24,10,3.55664544,8.195421
4,9,50,62,13,8.36550266923077,16.82376
4,9,67,71,5,2.4701066,11.43903
4,9,76,81,6,2.85099183333333,7.17842
4,10,15,24,10,4.1485827,8.461742
4,10,36,40,5,2.35079222,4.758485
4,10,44,61,18,9.71717649444444,22.49715
4,10,67,71,5,7.5442258,18.12172
4,10,76,80,5,4.8786665,8.62669
4,11,15,23,9,7.12283511111111,10.28243
4,11,36,40,5,3.8850328,7.128146
4,11,45,61,17,12.6828260176471,22.20593
4,11,67,70,4,2.07609125,6.215758
4,11,76,80,5,2.6367638,5.351371
4,12,15,22,8,6.202512125,12.08103
4,12,35,40,6,4.18336283333333,9.069148
4,12,45,60,16,15.7229175,26.09588
4,12,85,89,5,2.86455986,4.522204
4,13,15,20,6,4.35746668333333,9.783158
4,13,35,40,6,6.42296933333333,11.85277
4,13,45,60,16,15.7900415625,30.14614
4,14,2,5,4,5.75889525,15.74313
4,14,14,18,5,4.5191294,10.40388
4,14,34,40,7,7.13570142857143,13.03228
4,14,45,60,16,13.44166774375,32.24568
4,15,2,5,4,13.840587,26.70304
4,15,13,17,5,6.3800054,13.00699
4,15,34,41,8,7.1485399375,13.95786
4,15,44,48,5,17.9333152,31.27533
4,15,52,55,4,10.960299025,23.40939
4,16,2,6,5,15.2632628,32.68829
4,16,13,17,5,5.514387,13.10397
4,16,33,55,23,12.8554850173913,32.48021
4,17,2,8,7,15.9278671857143,35.77227
4,17,12,16,5,3.93387214,10.23752
4,17,33,54,22,11.9956237454545,25.77666
4,17,68,73,6,8.14816203333333,17.81961
4,18,2,15,14,11.249359,28.62135
4,18,33,55,23,10.0943377565217,20.70049
4,18,83,89,7,3.01853,5.868499
4,19,2,8,7,4.44751808571429,10.11146
4,19,21,55,35,4.92269476285714,15.62776
4,19,82,89,8,4.65557703125,6.766025
4,20,20,49,30,7.20501031333333,18.53827
4,20,51,55,5,3.1195808,6.775628
4,20,82,89,8,7.05453675,8.923406
4,21,11,49,39,4.17285476051282,12.88229
4,21,51,55,5,3.0565138,6.333839
4,21,61,68,8,8.45276463625,45.56676
4,21,81,89,9,7.91955872222222,11.10594
4,22,7,13,7,2.57902952857143,5.393504
4,22,15,41,27,5.55337298148148,16.16506
4,22,60,71,12,5.20793840916667,21.96961
4,22,76,89,14,4.69407309071429,9.342265
4,23,7,13,7,4.74704757571429,11.05915
4,23,16,23,8,5.9516491375,12.82398
4,23,26,36,11,7.91941521818182,17.93035
4,23,66,71,6,9.05746733333333,20.85355
4,23,76,89,14,6.44842035714286,9.470069
4,24,2,5,4,2.405413425,7.183652
4,24,15,22,8,7.3782761875,14.20766
4,24,27,35,9,8.58739611111111,17.24313
4,24,60,68,9,6.47473919222222,30.08312
4,24,76,89,14,7.93192621428571,14.03213
4,25,15,23,9,8.17540433333333,14.13917
4,25,27,34,8,9.193468,18.94644
4,25,60,71,12,8.5456561,26.24013
4,25,76,89,14,8.63771078571428,13.2534
4,26,14,33,20,8.260859955,17.66438
4,26,61,68,8,10.294755625,33.86762
4,26,72,89,18,9.71453677222222,20.37612
4,27,15,32,18,10.5447824166667,13.80774
4,27,40,55,16,2.26469658125,7.05449
4,27,61,68,8,10.81573340625,35.18499
4,27,72,89,18,12.2260703677778,23.44549
4,28,15,32,18,10.9722465555556,20.71609
4,28,39,55,17,3.85776967647059,10.83881
4,28,62,68,7,12.7142484285714,34.47607
4,28,72,89,18,13.7744792222222,26.87503
4,29,16,31,16,12.6655951875,26.57473
4,29,39,44,6,4.32732083333333,8.130739
4,29,46,54,9,7.82654193333333,14.80938
4,29,62,68,7,14.0847415714286,39.96927
4,29,73,89,17,14.9629177058824,29.8223
4,30,17,30,14,13.2545244285714,28.9174
4,30,38,43,6,5.12445401666667,9.267825
4,30,47,53,7,10.9236357142857,17.13139
4,30,61,68,8,15.032976375,54.71386
4,30,74,85,12,17.8596800416667,32.91264
4,31,17,27,11,14.7450224181818,28.46914
4,31,31,42,12,2.06538715,5.272363
4,31,47,53,7,7.27248914285714,14.2802
4,31,59,68,10,12.0535219,46.45734
4,32,15,25,11,14.6128834545455,25.26772
4,32,31,40,10,5.77582415,11.80205
4,32,46,52,7,4.47539657,10.95114
4,32,58,70,13,7.96956423076923,14.07921
4,33,14,24,11,15.6553341181818,25.72156
4,33,30,38,9,9.60410024444444,17.40428
4,33,45,51,7,5.53377857142857,11.72811
4,33,57,70,14,7.47697735714286,12.69138
4,34,14,24,11,16.1922316363636,29.27338
4,34,30,38,9,6.95845655555556,14.16349
4,34,44,50,7,4.27552257142857,8.68346
4,34,57,63,7,7.75306314285714,15.87701
4,35,13,23,11,15.6590706363636,31.30712
4,35,30,38,9,4.65446982222222,9.872252
4,35,42,48,7,2.16914354285714,4.728988
4,35,56,62,7,7.38169871428571,16.35568
4,35,74,81,8,19.7042785,32.72355
4,36,11,20,10,16.400717988,34.32925
4,36,29,46,18,4.59932081111111,11.36271
4,36,51,62,12,4.41725986916667,15.1927
4,36,75,80,6,14.8656223333333,25.98946
4,37,9,14,6,14.765006,35.29285
4,37,27,45,19,6.20353461052632,16.11569
4,37,50,61,12,7.792123,14.85137
4,37,73,78,6,11.104409,19.80246
4,38,9,13,5,17.573856,34.75037
4,38,27,43,17,7.28702502882353,20.16639
4,38,49,60,12,11.8134501666667,18.14453
4,38,67,70,4,22.9380045,45.98591
4,39,8,13,6,18.3901378333333,37.18779
4,39,28,38,11,12.1645662909091,22.969
4,39,47,60,14,13.13540856,23.07527
4,39,83,87,5,2.5863092,5.44014
4,40,8,13,6,19.5168095,34.52907
4,40,29,38,10,12.3926465,22.76889
4,40,46,61,16,12.19060278125,23.49569
4,40,82,89,8,4.316054375,7.298729
4,41,8,13,6,18.3912793333333,32.3141
4,41,29,37,9,13.2848425888889,21.58236
4,41,45,60,16,11.2682955625,21.16473
4,41,82,89,8,8.826086125,12.17843
4,42,8,17,10,14.40577575,29.60881
4,42,28,37,10,9.9229382,17.27227
4,42,45,59,15,10.3811852666667,17.99853
4,42,81,89,9,13.3906828888889,20.39318
4,43,8,17,10,12.22983666,25.07062
4,43,22,36,15,9.91601336,20.48177
4,43,44,58,15,9.94868913333333,17.88858
4,43,81,89,9,20.9251334444444,27.13382
4,44,8,15,8,18.917984475,31.74084
4,44,21,36,16,14.779670520625,30.69793
4,44,44,58,15,9.46911594666667,18.85112
4,45,20,37,18,12.0777911944444,23.74182
4,45,45,59,15,9.684703026,17.03337
4,45,61,69,9,9.61782858888889,35.05668
4,46,20,39,20,10.2023793,17.56611
4,46,45,57,13,12.4616088461538,21.87994
4,46,62,68,7,11.0855424285714,36.06844
4,46,81,89,9,23.4473022222222,28.61035
4,47,20,39,20,11.129017587,20.54275
4,47,46,56,11,17.3623781818182,30.71679
4,47,72,77,6,10.8246033333333,23.44065
4,47,80,89,10,18.0979036,24.53614
4,48,2,11,10,13.7265041,29.1138
4,48,20,26,7,10.9813394285714,18.93733
4,48,30,40,11,14.0124671818182,24.31762
4,48,46,56,11,18.8605484545455,34.78262
4,48,82,89,8,17.9400075,23.92373
4,49,2,10,9,15.4537028888889,24.28042
4,49,20,25,6,10.3126142666667,17.25259
4,49,30,41,12,13.305736,23.91204
4,49,46,56,11,18.6024124545455,34.0726
4,49,82,89,8,17.91997,26.8516
4,50,2,10,9,9.06770922222222,16.62108
4,50,19,24,6,9.67187823333333,16.51011
4,50,30,42,13,11.4008723076923,21.58768
4,50,46,57,12,16.3266045833333,30.67331
4,50,82,89,8,20.1232975,31.00895
4,51,2,8,7,6.21653657142857,13.50336
4,51,14,24,11,8.50635710909091,17.62792
4,51,30,42,13,11.3790604769231,19.63498
4,51,47,67,21,14.2759759285714,45.62355
4,51,86,89,4,19.1885325,28.3088
4,52,2,6,5,3.81595946,6.34553
4,52,12,23,12,7.787711,14.71817
4,52,30,43,14,10.9632128571429,18.66212
4,52,47,62,16,17.9115449375,32.87827
4,53,10,21,12,3.878206525,7.14754
4,53,30,44,15,11.784441,20.81306
4,53,48,61,14,16.9306563571429,30.12257
4,53,71,76,6,14.4722856666667,22.75728
4,54,9,17,9,6.566011,12.87977
4,54,29,45,17,10.289546,21.29523
4,54,49,62,14,17.2118592357143,36.64592
4,55,9,16,8,7.69171975,14.48988
4,55,26,45,20,8.76153457,19.55397
4,55,49,75,27,15.2010367037037,29.25666
4,55,82,89,8,18.159685,25.35336
4,56,8,16,9,4.44123041111111,9.853876
4,56,24,45,22,8.40737660909091,16.1068
4,56,49,65,17,15.0789274470588,25.37581
4,56,67,72,6,12.15453,25.50063
4,56,77,89,13,11.885664,18.85824
4,57,23,64,42,11.12954701,22.23111
4,57,76,89,14,14.1944649285714,22.53885
4,58,2,7,6,6.47405116666667,14.05244
4,58,22,60,39,11.8516981589744,32.00866
4,58,76,89,14,15.8627184285714,28.81737
4,59,2,7,6,10.99481625,20.72926
4,59,21,35,15,9.05593076,19.03858
4,59,38,64,27,11.707215562963,23.69563
4,59,68,73,6,15.812206,34.10175
4,59,75,89,15,17.1887506666667,30.33132
4,60,2,8,7,10.4458201142857,21.83855
4,60,21,35,15,6.97367756333333,15.81403
4,60,38,56,19,14.8048962526316,24.93182
4,60,58,62,5,3.9858858,8.97701
4,60,76,89,14,18.1965683571429,27.71896
4,61,2,8,7,12.0350668571429,19.2551
4,61,27,37,11,6.92149253636364,14.71041
4,61,38,62,25,16.69401054,31.21309
4,61,76,89,14,12.9730342142857,22.15873
4,62,2,9,8,12.325100375,17.71027
4,62,28,45,18,9.43086475,32.49642
4,62,48,54,7,24.87018,31.50149
4,62,76,89,14,7.74753285714286,17.12907
4,63,2,9,8,12.7917657625,20.59416
4,63,21,27,7,2.90391288428571,7.102769
4,63,29,45,17,10.4235322235294,33.07002
4,63,48,59,12,15.8658743333333,24.21032
4,63,76,89,14,8.11370521428571,13.0088
4,64,3,9,7,11.2817247142857,21.35315
4,64,21,26,6,4.45457383333333,8.051156
4,64,30,57,28,12.6908335357143,31.82898
4,64,76,89,14,11.5001213571429,17.08109
4,65,4,8,5,10.0393476,16.79984
4,65,21,26,6,2.53415083333333,5.77338
4,65,31,50,20,11.0292076,27.47278
4,65,52,58,7,4.68151335714286,12.01304
4,65,65,68,4,22.3216295,47.47787
4,65,76,89,14,14.6533702,26.93811
4,66,2,8,7,3.04797828571429,9.261898
4,66,31,49,19,9.14053897894737,27.22928
4,66,53,56,4,4.3044059,7.691276
4,66,65,68,4,21.24910275,38.91887
4,66,78,89,12,18.342568,32.8907
4,67,2,6,5,16.7752276,30.73068
4,67,16,20,5,4.093798,8.75781
4,67,32,48,17,7.9051617,25.94187
4,67,65,71,7,14.233587,25.30056
4,67,78,89,12,18.1225694166667,35.13841
5,1,2,9,8,4.0122695875,7.922851
5,1,13,62,50,3.9613550574,32.26265
5,1,66,75,10,2.344136556,5.669466
5,1,83,89,7,2.41624174285714,3.438478
5,2,2,9,8,3.71936030625,7.205501
5,2,13,62,50,3.8841025226,31.85924
5,2,66,75,10,2.16848068,5.394953
5,2,83,89,7,2.02459051428571,3.069607
5,3,2,9,8,3.14165457,6.156113
5,3,50,58,9,8.99457412222222,19.39005
5,4,2,9,8,2.44750891,5.016623
5,4,50,58,9,4.5974746,11.21607
5,5,51,57,7,3.27464242857143,6.591261
5,13,42,47,6,2.34438331666667,4.553793
5,14,42,47,6,2.43615881666667,4.904028
5,15,42,47,6,2.23410081666667,4.675524
5,23,86,89,4,2.7191786475,4.764728
5,24,70,74,5,2.20972298,4.123777
5,24,86,89,4,2.78448395,4.249964
5,25,70,75,6,3.16264201666667,5.498433
5,25,86,89,4,2.3531871,3.238044
5,26,2,12,11,2.26947754545455,4.633543
5,26,70,76,7,2.32299935714286,5.249751
5,27,2,11,10,4.50562596,8.137794
5,27,16,19,4,3.637319,6.511977
5,27,70,76,7,2.6267817,4.937979
6,1,15,33,19,4.57349488421053,9.92638
6,1,61,71,11,5.6090607,11.73527
6,1,77,89,13,2.08292931538462,3.887281
6,2,15,32,18,5.68514355555556,10.80635
6,2,35,44,10,2.14875535,4.073671
6,2,60,70,11,5.90761518545455,13.5774
6,2,75,89,15,2.6175854,8.193395
6,3,6,32,27,5.32232522296296,12.48455
6,3,36,44,9,3.95910521111111,6.297708
6,3,59,71,13,6.10817003138462,12.77372
6,3,74,78,5,2.5811836,5.277737
6,3,83,89,7,4.16980745714286,11.44466
6,4,6,33,28,7.99868496428571,17.5769
6,4,36,52,17,3.10001725882353,9.296387
6,4,59,72,14,5.77045813428571,11.30719
6,4,82,89,8,5.1161835,12.59727
6,5,5,34,30,8.24521209666667,20.99128
6,5,36,42,7,7.10927734714286,12.87721
6,5,58,78,21,4.47264451904762,9.350157
6,5,82,89,8,5.3025315,6.529489
6,6,5,43,39,7.90303091384615,24.33541
6,6,46,77,32,4.8888679546875,10.43299
6,6,82,89,8,5.7098486375,11.22987
6,7,5,29,25,10.627101032,28.67451
6,7,31,43,13,6.40136580769231,11.27556
6,7,46,52,7,2.6408283,6.192929
6,7,57,76,20,7.1850060025,11.9422
6,7,82,88,7,4.76544678571429,9.323271
6,8,6,23,18,16.2343150944444,28.33862
6,8,26,52,27,3.7251705262963,7.497265
6,8,57,75,19,7.93893684210526,11.10359
6,8,81,88,8,5.09009962375,8.855878
6,9,6,22,17,15.2859040588235,24.98658
6,9,26,38,13,2.84627683846154,5.578437
6,9,40,52,13,4.40975254615385,10.96049
6,9,57,77,21,4.72531724285714,10.16871
6,9,79,88,10,7.51944991,12.38731
6,10,5,22,18,10.7196686722222,27.26904
6,10,27,64,38,2.76403828421053,10.76348
6,10,72,88,17,5.36398486470588,9.647265
6,11,5,20,16,10.3522865375,23.5244
6,11,26,46,21,3.69268192380952,8.358312
6,11,49,63,15,4.44053444,9.598822
6,11,74,79,6,2.10247126666667,4.036329
6,11,81,88,8,2.3657757375,6.043953
6,12,4,22,19,6.18052821052632,13.92194
6,12,26,42,17,4.17575045882353,7.807372
6,12,48,64,17,4.53702630588235,14.82547
6,12,76,88,13,2.52056233076923,4.612224
6,13,32,43,12,5.87935703333333,12.37383
6,13,46,56,11,7.66400857363636,16.54669
6,13,76,88,13,3.09629366923077,7.216324
6,14,34,55,22,8.63280287727273,16.64788
6,14,84,89,6,3.52069183333333,4.340626
6,15,3,9,7,2.01906837142857,5.146913
6,15,11,23,13,3.48394825384615,7.907519
6,15,36,55,20,11.5721312,21.37432
6,15,78,89,12,8.55689342833333,19.90644
6,16,4,23,20,7.10675465,18.5623
6,16,31,55,25,10.62139196608,26.22232
6,16,65,71,7,2.26179077142857,5.683113
6,16,79,89,11,15.3178020909091,30.60645
6,17,4,22,19,5.55857436842105,16.36991
6,17,31,55,25,11.2046463,30.6728
6,17,66,71,6,2.53157063333333,6.393573
6,17,79,88,10,16.088185,30.46596
6,18,5,21,17,6.93919708823529,14.13983
6,18,31,60,30,9.0344917,34.77325
6,18,66,71,6,3.833111,7.000777
6,18,79,89,11,15.5945327272727,26.06269
6,19,6,20,15,12.4848058,20.38699
6,19,31,53,23,12.1155221391304,34.18689
6,19,77,89,13,6.93825734615385,13.62863
6,20,4,19,16,9.622637025,21.45684
6,20,34,54,21,9.7926717047619,23.41677
6,20,81,89,9,4.49263424444444,10.79966
6,21,2,19,18,8.09369437777778,17.99824
6,21,34,56,23,5.5639654826087,9.438151
6,21,67,89,23,3.27970319695652,6.022388
6,22,2,16,15,8.64274476,14.33533
6,22,28,59,32,3.33346613125,8.126128
6,22,69,89,21,3.67112995238095,6.99343
6,23,7,15,9,6.79460381111111,10.60219
6,23,47,64,18,4.1638305,8.495524
6,23,69,86,18,5.04061906666667,8.680628
6,24,7,16,10,7.20322685,14.86208
6,24,47,64,18,5.105066045,10.0553
6,24,70,86,17,3.60151878823529,8.45044
6,25,6,16,11,7.1155974,14.26628
6,25,32,42,11,3.74908627272727,6.158396
6,25,46,51,6,2.93567866666667,6.402368
6,25,53,64,12,2.790266175,5.522977
6,25,70,86,17,4.15009259941176,10.01468
6,26,3,20,18,4.74853479444444,12.84189
6,26,31,42,12,3.367522975,7.425719
6,26,46,51,6,2.2168189,5.905278
6,26,76,86,11,5.33270889090909,10.88272
6,27,2,22,21,6.23717004761905,10.76379
6,27,31,43,13,2.78052749230769,6.285004
6,27,69,87,19,3.32288562842105,9.840434
6,28,2,14,13,4.49676186153846,11.95679
6,28,16,43,28,3.30995070035714,9.332109
6,28,69,89,21,4.23499423809524,6.588907
6,29,2,14,13,3.47710495384615,7.073523
6,29,16,24,9,5.49111105555555,11.72571
6,29,27,44,18,2.51513801666667,5.59293
6,29,63,89,27,4.75105639444444,9.49778
6,30,2,24,23,3.16417210904348,14.21955
6,30,28,45,18,2.11692723777778,5.847676
6,30,64,76,13,6.03169416923077,10.10983
6,31,5,23,19,4.26259265789474,13.21678
6,31,63,81,19,4.01830310526316,9.180525
6,32,63,79,17,3.41575092352941,10.69693
6,32,85,89,5,3.1380268,4.382137
6,33,82,89,8,6.76652103375,10.74567
6,34,2,9,8,6.293875375,12.18051
6,34,14,22,9,2.37289013333333,5.419343
6,34,47,57,11,2.15612148363636,4.342436
6,34,61,81,21,3.8603516,7.947486
6,34,84,89,6,2.23642865,3.99322
6,35,34,44,11,2.04238051818182,4.838094
6,35,46,58,13,2.14435365384615,5.863712
6,35,60,81,22,4.27534083545455,8.786267
6,36,12,31,20,2.17830551,6.227761
6,36,34,44,11,2.93065999090909,5.305096
6,36,46,53,8,2.5504667125,5.813382
6,36,55,67,13,3.72957195384615,7.294856
6,36,69,81,13,4.18392156153846,8.238578
6,37,2,30,29,2.64809936,7.157518
6,37,69,80,12,4.224395225,7.883041
6,38,6,39,34,2.15418465,5.08577
6,38,54,82,29,2.8862839137931,8.053442
6,39,17,30,14,3.34850578571429,5.516377
6,39,60,82,23,4.10412614782609,9.698079
6,40,17,30,14,3.37584815,5.776483
6,40,34,58,25,3.05713524,5.472687
6,40,60,82,23,4.08304982608696,9.663298
6,40,86,89,4,5.0323345,6.617805
6,41,5,29,25,4.51289971,9.643179
6,41,34,44,11,3.53240099090909,6.044947
6,41,46,64,19,2.41220041578947,8.094115
6,41,67,78,12,4.11943856666667,7.183916
6,41,80,89,10,7.0986953042,17.1766
6,42,5,28,24,4.53012555291667,13.69734
6,42,34,61,28,4.02377738928571,11.75794
6,42,68,89,22,5.73759002727273,20.54258
6,43,4,21,18,4.42497893888889,9.431775
6,43,27,60,34,2.54324326694118,7.584326
6,43,68,73,6,2.11620773333333,4.48764
6,43,75,85,11,6.83429874545455,12.40043
6,43,86,89,4,8.1033925,13.3777
6,44,2,35,34,3.86266750882353,10.29971
6,44,39,56,18,3.41446677222222,6.382669
6,44,64,85,22,4.72973450727273,9.501528
6,45,2,9,8,5.35378425,8.219067
6,45,18,34,17,3.14522857647059,6.361354
6,45,39,57,19,2.62579183947368,4.499133
6,45,67,85,19,4.64952964736842,9.240548
6,46,47,59,13,2.24643580769231,5.572318
6,46,68,89,22,5.2709228,17.41127
6,47,18,29,12,3.96061225416667,10.98035
6,47,35,55,21,3.55358354714286,9.638668
6,47,68,89,22,5.86831082363636,27.67826
6,48,17,29,13,8.43949030769231,13.18828
6,48,36,55,20,7.014364645,17.59426
6,48,68,79,12,2.83004399166667,8.306862
6,48,83,89,7,12.7943106857143,29.16039
6,49,2,5,4,4.0933905,11.21995
6,49,17,28,12,7.59220863333333,11.65697
6,49,36,53,18,7.86267693333333,18.02665
6,49,75,79,5,3.44560738,6.111455
6,49,82,89,8,12.4278821875,27.03885
6,50,2,5,4,10.63951675,26.09319
6,50,17,27,11,3.62482806363636,6.398587
6,50,35,53,19,6.28335062631579,14.91522
6,50,76,89,14,7.50336925,16.98216
6,51,2,5,4,14.55855075,35.12921
6,51,36,54,19,7.15519799684211,15.4179
6,51,64,89,26,5.02076571923077,18.07612
6,52,2,5,4,17.169507,33.84067
6,52,24,35,12,2.49515526666667,6.227381
6,52,39,55,17,9.38045126470588,20.12042
6,52,67,89,23,3.659962875,16.73567
6,53,2,6,5,11.7055182,23.34641
6,53,22,34,13,2.72465775384615,7.960089
6,53,40,55,16,9.345775359375,23.01249
6,53,85,89,5,7.1898471,15.87527
6,54,2,12,11,6.99672326363636,18.61783
6,54,38,57,20,7.98217317,25.00377
6,54,86,89,4,4.115115925,8.35802
6,55,2,16,15,6.88564571066667,17.10149
6,55,36,58,23,8.27767620434783,24.48955
6,56,2,30,29,3.83669521793103,14.45943
6,56,51,62,12,9.35518996666667,21.78646
6,57,2,13,12,4.11729660833333,7.257252
6,57,51,61,11,10.4589961363636,19.05555
6,57,81,89,9,2.11531611111111,5.156686
6,58,5,13,9,3.84143520777778,8.603873
6,58,22,31,10,3.31915793,6.384525
6,58,42,60,19,5.58481196842105,14.95044
6,58,65,78,14,7.73786998571429,14.47342
6,58,82,89,8,5.056394625,7.162409
6,59,23,31,9,5.48897706666667,11.29058
6,59,43,59,17,4.98451792352941,11.58771
6,59,66,79,14,8.41207226428571,15.89723
6,60,24,31,8,8.533354525,15.09663
6,60,44,58,15,6.16189935266667,11.63355
6,60,67,84,18,6.09772466111111,14.77316
6,61,24,33,10,4.25258255,7.557613
6,61,39,58,20,6.035196022,15.12294
6,61,68,84,17,9.11868470588235,14.93106
6,62,46,57,12,9.33293231666667,19.79003
6,62,68,74,7,5.07229628571429,9.932454
6,62,76,87,12,2.771892475,7.050054
6,63,46,59,14,8.24971440714286,20.92877
6,63,64,74,11,3.24968755454545,6.275447
6,63,76,89,14,5.55851261428571,11.91243
6,64,2,88,87,4.43959819275862,21.75028
6,65,2,14,13,3.08889636923077,4.614518
6,65,17,88,72,5.52477201388889,24.54203
6,66,3,13,11,4.83998569090909,6.942041
6,66,17,24,8,5.3852512875,10.96036
6,66,28,62,35,3.47725230571429,10.58459
6,66,66,89,24,8.12860344875,22.27059
6,67,3,12,10,3.43682905,6.080075
6,67,16,23,8,4.486388925,10.20011
6,67,28,61,34,3.83045276205882,11.59238
6,67,68,89,22,2.86726866572727,8.472079
6,68,16,22,7,3.82550385714286,7.777924
6,68,28,35,8,3.1376819625,6.909472
6,68,38,60,23,4.67689817826087,9.926014
6,68,68,73,6,2.55438403333333,6.652479
6,69,28,36,9,4.18132989888889,8.738551
6,69,40,60,21,5.0802551,10.11032
6,69,69,73,5,2.3836608,5.263581
6,70,27,36,10,4.02994853,7.955373
6,70,41,64,24,4.95095672083333,8.565677
6,70,76,81,6,2.26445233333333,4.20503
6,71,2,10,9,2.73191287777778,6.929539
6,71,25,35,11,3.14198321818182,5.805503
6,71,41,63,23,4.60758440347826,8.401646
6,71,76,89,14,3.68139151428571,11.0884
6,72,2,11,10,3.11720912,4.724071
6,72,24,64,41,3.79707163853659,10.03509
6,72,75,89,15,4.91430812,13.20187
6,73,2,13,12,2.37620984166667,4.248048
6,73,40,65,26,3.84564595,8.641252
6,73,72,83,12,3.25695389083333,9.622428
6,73,85,89,5,5.4457021,8.921653
6,74,2,15,14,2.63845805714286,4.409618
6,74,40,64,25,3.247871244,9.732372
6,74,66,89,24,3.10727700416667,7.873961
6,75,2,16,15,2.67026609333333,5.910407
6,75,51,63,13,3.93703893846154,8.122885
6,75,67,73,7,3.16410634285714,7.187977
6,75,85,89,5,2.26640044,3.889801
6,76,9,17,9,2.86252911111111,5.540159
6,76,52,62,11,4.89026726363636,9.556289
6,76,65,73,9,4.1762394,8.664127
6,77,9,18,10,4.99976713,9.63959
6,77,27,35,9,2.97720994444444,6.255262
6,77,52,73,22,8.14713851136364,15.50414
7,1,5,9,5,3.49351162,5.683257
7,1,25,39,15,13.66860604,29.87135
7,2,25,37,13,13.9264076230769,29.98152
7,3,24,38,15,10.2639917666667,26.24003
7,4,23,39,17,7.74296442652647,19.50419
7,5,23,39,17,6.56336294117647,11.85154
7,5,72,89,18,2.82837461111111,5.38389
7,6,22,40,19,4.23960133526316,8.706719
7,7,23,42,20,3.11692996,7.004587
7,7,78,89,12,3.85981875833333,7.580092
7,8,24,44,21,2.0621142,6.363233
7,8,51,69,19,2.72407863684211,5.274835
7,8,72,89,18,4.20829441166667,14.11466
7,9,49,89,41,5.93585350658537,29.13492
7,10,48,87,40,7.4298879875,29.43855
7,11,47,89,43,9.1046846627907,31.17036
7,12,48,89,42,9.08624211166667,22.48918
7,13,45,89,45,8.29894825111111,21.59362
7,14,44,89,46,6.68203694130435,19.51207
7,15,9,15,7,2.31985532857143,5.024989
7,15,65,89,25,7.376987528,12.90283
7,16,65,89,25,7.231099632,20.22571
7,17,56,87,32,9.033987346875,28.24827
7,18,57,86,30,10.8520049033333,30.836
7,19,12,27,16,2.9887886875,7.019456
7,19,57,86,30,7.78159714666667,23.9967
7,20,12,27,16,5.0310682625,9.221089
7,20,66,84,19,8.82545704210526,20.77022
7,21,11,28,18,5.97989248333333,12.07359
7,21,66,84,19,10.0298442315789,23.83408
7,22,12,31,20,7.564017545,18.29922
7,22,66,85,20,10.67891428,26.85097
7,23,13,32,20,10.216625775,23.96589
7,23,65,85,21,9.9540088952381,24.96286
7,24,14,33,20,11.4296799,25.38091
7,24,54,84,31,5.99278770258065,21.1761
7,25,14,33,20,8.7812261,22.18222
7,25,52,82,31,6.71009916129032,18.69076
7,26,8,33,26,4.99282586153846,16.91356
7,26,51,81,31,6.93546415806452,19.44201
7,27,8,33,26,3.78086405,11.62587
7,27,51,65,15,12.107038086,28.51055
7,27,69,75,7,5.10122207142857,9.883164
7,28,9,24,16,2.51367744375,6.381708
7,28,26,34,9,2.48480537777778,5.610283
7,28,41,64,24,8.76051122125,29.74164
7,28,79,89,11,4.55630245454545,7.148961
7,29,26,35,10,2.34571675,5.075611
7,29,40,65,26,10.6920796346154,31.41333
7,29,79,89,11,11.4930670909091,20.38574
7,30,26,36,11,2.13313709,5.905016
7,30,38,65,28,14.301509475,32.20838
7,30,80,89,10,17.40015062,27.80743
7,31,24,58,35,10.8212946485714,35.86585
7,31,81,89,9,20.096829,27.88653
7,32,23,53,31,10.3674143659355,32.44743
7,32,81,86,6,16.689714,29.40823
7,33,23,53,31,10.1232871774194,33.63838
7,33,80,85,6,16.8561876666667,33.62976
7,34,22,39,18,6.13622889277778,32.14612
7,34,44,53,10,6.32133723,22.86006
7,34,57,64,8,17.007949625,28.84332
7,34,79,85,7,16.594752,34.5507
7,35,34,38,5,16.252589,31.47682
7,35,44,48,5,11.23546,25.28453
7,35,52,64,13,8.63892453076923,21.98635
7,35,78,85,8,16.383810625,33.65308
7,36,5,17,13,2.77305116923077,4.721787
7,36,34,37,4,17.23325375,30.93861
7,36,52,65,14,8.75440055,18.80464
7,36,77,85,9,14.5731447777778,30.5404
7,37,4,18,15,5.2369366,11.50652
7,37,32,37,6,14.9698600306667,33.37702
7,37,43,47,5,11.6960292,25.85875
7,37,52,64,13,11.3481632307692,19.06015
7,37,78,89,12,18.3939234166667,30.60052
7,38,2,17,16,6.6472704228125,14.85851
7,38,30,47,18,14.9830515166667,32.7957
7,38,51,63,13,8.93474277692308,23.35985
7,38,78,89,12,19.5205764166667,31.67918
7,39,2,16,15,8.2304532,17.46749
7,39,31,46,16,13.4548470375,28.53872
7,39,51,58,8,7.5784086625,17.26087
7,39,77,89,13,17.0941888846154,34.10795
7,40,2,16,15,9.07709273333333,17.67973
7,40,31,44,14,14.48543155,26.2623
7,40,51,58,8,6.564004625,13.12836
7,40,76,86,11,10.1480426272727,30.61466
7,41,2,18,17,8.84554204117647,17.44962
7,41,31,44,14,10.6675908571429,19.6485
7,41,52,58,7,5.62631007142857,9.990681
7,41,75,80,6,6.02413016666667,11.06488
7,41,83,86,4,19.35484075,29.97017
7,42,2,13,12,12.3539838666667,18.99703
7,42,15,19,5,3.6029624,7.5702
7,42,33,44,12,7.137347,14.08345
7,42,53,60,8,2.0329132625,4.76381
7,42,74,79,6,6.94574383333333,11.76939
7,42,83,89,7,20.4408285714286,35.0827
7,43,2,12,11,12.9835253636364,21.70664
7,43,15,20,6,5.2579,12.01217
7,43,36,46,11,3.87605475454545,8.565157
7,43,55,62,8,4.013257825,7.564309
7,43,73,77,5,2.8678932,7.059135
7,43,85,89,5,14.2735592,24.43286
7,44,2,11,10,11.0345333,18.14096
7,44,15,21,7,6.90481015428571,15.81407
7,44,37,50,14,3.11045880928571,6.263147
7,44,55,65,11,9.16973566363636,14.57061
7,44,71,76,6,3.35366718333333,9.097779
7,44,85,89,5,14.12753176,26.68597
7,45,2,11,10,5.454008558,11.38148
7,45,16,22,7,8.220352,17.61994
7,45,38,50,13,4.64759131538462,9.569277
7,45,56,66,11,12.5115097272727,24.18376
7,45,70,75,6,6.74113383333333,13.80411
7,45,85,89,5,7.84227012,15.09098
7,46,5,10,6,3.3373364,5.984218
7,46,16,22,7,9.43103314285714,18.13107
7,46,39,51,13,5.70128522307692,13.48103
7,46,56,65,10,14.6395603,26.95567
7,46,71,75,5,3.5664654,8.648416
7,47,16,23,8,9.185751125,19.10316
7,47,40,55,16,5.524135325,13.67157
7,47,57,66,10,13.72171122,29.46387
7,48,16,24,9,7.741354,16.56095
7,48,40,55,16,4.3514170525,9.543313
7,48,58,66,9,13.4718181777778,28.69287
7,49,17,30,14,3.90372852571429,12.59979
7,49,42,54,13,3.03379858461538,6.251644
7,49,59,66,8,10.2206375,19.69875
7,49,69,74,6,2.31861186666667,4.462674
7,50,18,31,14,2.69337980714286,6.789464
7,50,57,76,20,3.52117121,10.10148
7,51,50,70,21,2.50177827571429,5.86658
7,52,49,56,8,2.4727373125,4.887769
7,52,60,70,11,2.54196395454545,5.433031
7,52,80,89,10,2.21867629,5.765433
7,53,49,55,7,2.4559582,4.852885
7,53,59,89,31,2.87252654193548,6.235522
7,54,48,54,7,2.40316828571429,4.611451
7,54,72,86,15,2.08349242,6.320484
7,55,59,68,10,2.03784073,4.248129
7,55,72,86,15,2.33357042866667,6.133244
7,56,16,26,11,2.91250933636364,6.935944
7,56,72,76,5,2.8666032,5.997065
7,56,80,85,6,3.84950870166667,7.164918
7,57,16,27,12,2.446333975,9.033555
7,57,72,76,5,3.0435592,6.500121
7,58,2,9,8,3.163051525,6.226994
7,58,22,28,7,2.68915821428571,5.444423
7,58,72,76,5,4.4739396,8.383843
7,59,2,8,7,2.50313021428571,5.091507
7,59,54,63,10,3.39564662,7.845815
7,59,72,78,7,4.72690575714286,10.1296
7,60,51,63,13,5.44795907846154,12.91607
7,60,72,79,8,4.9460250125,11.20455
7,61,51,62,12,6.4742076,15.83962
7,61,73,78,6,3.29740088333333,6.307424
7,61,82,89,8,5.09033885,11.40088
7,62,51,61,11,4.04214565454545,11.92067
7,62,82,89,8,5.006323325,7.951504
7,63,82,89,8,3.5398024625,5.103472
7,64,82,89,8,3.398140975,5.561393
7,65,83,89,7,2.9737177,4.313352
7,67,65,77,13,2.09168381230769,7.268379
7,69,64,69,6,3.66767993333333,6.949935
7,69,82,87,6,2.07371765,4.784668
7,70,48,55,8,3.11069495,6.474478
7,70,82,86,5,2.1285288,4.295681
7,71,49,69,21,3.71468425714286,7.904244
7,72,48,70,23,6.88962488695652,13.91971
7,73,47,70,24,10.51892335125,19.62565
7,74,25,70,46,6.55653907478261,22.35567
7,75,25,38,14,2.93769065714286,7.446993
7,75,41,70,30,6.44511766,15.42147
7,75,85,89,5,5.52290954,12.77107
7,76,25,52,28,6.65498488214286,18.27662
7,76,84,89,6,12.91393,20.33301
7,77,25,52,28,7.4490314425,17.1774
7,77,83,89,7,14.8901915714286,20.59956
7,78,25,51,27,5.03820059,14.56437
7,78,65,75,11,3.73491993636364,6.139529
7,78,83,89,7,8.13691085714286,12.74074
7,79,15,22,8,2.6053313,5.466178
7,79,26,44,19,5.04648940789474,12.64285
7,79,54,63,10,2.08472803,3.630097
7,79,65,75,11,5.71499294545455,9.923694
7,80,14,23,10,3.098566,6.235067
7,80,29,43,15,5.63689002666667,15.0044
7,80,53,63,11,3.28724770909091,8.545344
7,80,66,75,10,5.9189753,10.73344
7,81,12,24,13,3.26423846623077,5.634883
7,81,29,42,14,6.48150589214286,16.82962
7,81,53,75,23,4.61417774782609,10.36843
7,82,12,42,31,3.98048570322581,15.32911
7,82,53,74,22,4.75469007727273,12.54924
7,83,11,41,31,3.36190268064516,12.92634
7,83,54,73,20,5.64269589,16.05894
7,83,75,80,6,2.33852496666667,4.708374
7,84,7,14,8,2.0232546875,4.300732
7,84,23,40,18,5.12723245,14.70974
7,84,55,80,26,4.78228845769231,11.58826
7,85,6,13,8,6.4404701375,13.39442
7,85,24,39,16,5.79737705625,13.95598
7,85,57,79,23,5.06876456521739,10.12418
7,86,6,13,8,7.8562891875,17.23729
7,86,24,38,15,5.86258671333333,13.01895
7,86,56,79,24,4.75846588333333,10.19335
7,87,6,12,7,9.74844007142857,18.34502
7,87,24,38,15,4.93718746266667,9.961349
7,87,55,78,24,3.93732025,8.02555
7,88,5,13,9,7.32672728888889,17.52153
7,88,24,37,14,5.35587148571429,10.87299
7,88,49,82,34,3.23422305735294,8.061317
7,89,5,14,10,6.6540456,15.69759
7,89,24,37,14,3.22251099642857,11.41351
7,89,48,82,35,3.31295806885714,10.04003
7,90,5,16,12,5.07439902,12.6634
7,90,24,30,7,4.83226057142857,10.27183
7,90,48,54,7,2.84350348571429,5.918826
7,90,57,75,19,3.88723060789474,10.06566
7,91,5,16,12,4.84848516666667,9.389556
7,91,24,29,6,3.2860896,7.205826
7,91,48,54,7,2.92835282857143,6.286477
7,91,58,80,23,4.6732040273913,12.80813
7,92,4,17,14,3.47692435785714,6.957568
7,92,43,54,12,2.12658722908333,7.075577
7,92,58,75,18,6.25264298888889,12.80387
7,93,4,21,18,2.71593343888889,6.399251
7,93,44,55,12,2.15498319166667,7.148534
7,93,59,75,17,7.28518582352941,12.75734
7,94,4,22,19,2.92601536315789,6.917864
7,94,43,56,14,2.33689804071429,7.423398
7,94,59,75,17,7.42832305882353,13.08233
7,95,3,12,10,2.70923844,6.61186
7,95,15,22,8,4.200940125,9.817629
7,95,59,81,23,5.82076361478261,13.12315
7,96,2,10,9,2.98555392222222,6.58959
7,96,16,21,6,5.74782533333333,9.576479
7,96,50,81,32,5.3793421375,15.08602
7,97,2,9,8,2.7774997375,5.627442
7,97,16,22,7,4.41973028571429,8.202814
7,97,50,81,32,5.5424189159375,13.84452
7,98,16,28,13,3.04065676923077,6.351042
7,98,50,89,40,5.9850730575,15.50979
7,99,16,29,14,3.70575420207143,7.248316
7,99,50,80,31,3.80935380967742,8.574876
7,99,82,89,8,15.068563625,25.35167
7,100,14,30,17,3.27491007117647,8.9245
7,100,50,62,13,4.96280515384615,10.61546
7,100,65,79,15,2.32528314,4.831174
7,100,81,84,4,18.17342175,32.51516
7,101,13,31,19,3.30916441473684,9.030769
7,101,51,61,11,7.05390481818182,13.52095
7,101,81,88,8,14.7861645,31.46973
7,102,12,31,20,3.5352974315,8.445329
7,102,50,61,12,5.97977181666667,12.23597
7,102,66,87,22,7.55398681818182,32.02819
7,103,12,32,21,3.03431856666667,7.411037
7,103,49,61,13,5.78111913846154,10.74504
7,103,75,88,14,12.9734813785714,30.51025
7,104,12,33,22,2.906141935,5.96655
7,104,48,70,23,3.71830775652174,7.548188
7,104,75,88,14,13.8216665785714,27.8465
7,105,9,34,26,2.90349816807692,6.829388
7,105,48,71,24,5.19714104166667,17.36243
7,105,76,87,12,16.1464228333333,27.33192
