"cellIndex","windowIndex","frameIndex","termination","Duration","avgSpeed","maxSpeed"
1,1,4,18,15,12.3223806266667,30.32419
1,1,30,38,9,3.10330496666667,8.615866
1,1,44,56,13,7.68347144615385,13.84902
1,1,60,65,6,2.74836636666667,7.615086
1,1,70,82,13,4.9867243,13.36517
1,2,4,19,16,14.6490702,31.27129
1,2,43,56,14,11.7605101428571,27.90795
1,2,59,63,5,2.97208522,6.176021
1,2,72,82,11,8.54579226363636,21.03613
1,3,4,19,16,15.0544515625,27.88867
1,3,28,32,5,4.4590138,10.06447
1,3,43,51,9,17.2835228888889,31.90935
1,3,59,63,5,4.1344128,9.028041
1,3,74,83,10,7.6841589,16.36174
1,3,87,90,4,15.50055925,26.87456
1,4,3,19,17,13.2199153941176,30.71051
1,4,29,33,5,5.3978136,11.5318
1,4,42,55,14,16.9871319285714,28.40074
1,4,59,64,6,7.08529016666667,14.42552
1,4,74,90,17,5.19073085588235,18.06988
1,5,3,18,16,13.017557775,32.73969
1,5,30,36,7,6.19804193142857,14.6645
1,5,42,54,13,17.0421067769231,29.63691
1,5,58,65,8,7.322227875,13.27194
1,5,80,90,11,5.77581263636364,8.43933
1,6,5,23,19,11.9983137958947,32.55985
1,6,31,38,8,5.554666475,15.34001
1,6,42,53,12,15.2084096666667,29.14301
1,6,59,67,9,7.05856366666667,14.29586
1,6,81,89,9,7.65884266666667,14.25239
1,7,7,23,17,13.6688185176471,28.88534
1,7,31,38,8,9.049878375,18.32613
1,7,41,56,16,10.19306656,22.38591
1,7,62,72,11,8.78473571818182,22.03313
1,7,82,89,8,9.757210125,19.9968
1,8,2,22,21,10.140979442381,21.67609
1,8,34,58,25,10.483209992,27.21616
1,8,63,72,10,8.3082825,18.30487
1,8,82,90,9,11.4877000777778,23.26138
1,9,2,22,21,14.1161053809524,27.071
1,9,39,59,21,13.6444376666667,29.66435
1,9,64,73,10,10.04290967,16.53091
1,9,83,90,8,17.51497125,23.47115
1,10,2,15,14,13.12256255,33.88713
1,10,44,59,16,12.5248165,23.8463
1,10,65,73,9,9.97736777777778,13.03116
1,10,83,90,8,19.39953,26.00728
1,11,2,10,9,11.3403754111111,19.93448
1,11,44,59,16,15.441226375,30.9166
1,11,65,74,10,4.02001961,8.316563
1,11,83,90,8,19.46926125,35.88357
1,12,2,8,7,11.1410591428571,17.0061
1,12,44,53,10,18.2067804,35.04932
1,12,65,69,5,3.1041706,7.25163
1,12,72,75,4,2.7331685,8.315172
1,12,84,90,7,15.9491168571429,34.63676
1,13,2,8,7,12.5570462857143,21.02389
1,13,44,52,9,18.7665025555556,31.81717
1,13,72,75,4,5.839107175,9.397426
1,13,86,90,5,15.59685686,32.76283
1,14,2,8,7,17.4814091428571,26.84713
1,14,45,52,8,19.051535,31.71012
1,14,56,61,6,12.6801341333333,25.85348
1,14,71,76,6,4.46914696666667,10.38211
1,15,2,12,11,16.8346330909091,32.42142
1,15,45,62,18,16.1817642777778,25.30565
1,15,70,76,7,6.49495948571429,11.43399
1,16,4,12,9,18.8495566666667,39.77071
1,16,45,53,9,17.4040896777778,28.25683
1,16,56,63,8,12.480719875,29.06558
1,16,70,77,8,6.458701,12.49173
1,17,5,11,7,17.24551,35.30691
1,17,47,53,7,15.7313531428571,23.08699
1,17,57,63,7,14.7281855714286,30.15926
1,17,70,79,10,6.25546506,11.83616
1,18,2,10,9,13.1641394444444,30.46786
1,18,47,53,7,15.9406714285714,25.57489
1,18,71,79,9,7.75391011111111,13.40363
1,19,2,11,10,17.500689,38.21679
1,19,47,52,6,18.0452325,25.77619
1,19,61,65,5,8.087498,25.0224
1,19,70,80,11,12.274077,20.7507
1,20,3,11,9,17.9127042222222,35.80209
1,20,47,52,6,17.4182917143333,27.48011
1,20,58,81,24,16.5993191666667,28.30261
1,21,4,10,7,17.95986,29.54128
1,21,62,66,5,12.291066,28.33871
1,21,68,83,16,16.84507285625,27.88857
1,22,4,10,7,14.1383102857143,29.1947
1,22,70,80,11,18.7919177272727,28.16412
1,22,85,88,4,19.76255425,34.28576
1,23,8,11,4,18.4533105,29.65873
1,24,8,13,6,14.6549313333333,29.29704
1,25,7,15,9,10.2336558888889,30.23407
1,25,70,79,10,16.084317,28.81819
1,25,86,89,4,3.3289215,9.619564
1,26,4,9,6,5.75332741666667,12.42627
1,26,13,18,6,17.9394033333333,34.26423
1,26,69,76,8,23.20286625,34.48799
1,27,3,10,8,15.46966775,28.27752
1,27,15,18,4,21.467966,39.21213
1,27,40,47,8,17.07011775,39.82773
1,29,67,70,4,5.94987825,11.84452
1,30,8,21,14,16.2781042142857,28.61977
1,31,7,20,14,16.2987432142857,27.47838
1,32,7,20,14,17.1266280714286,28.43804
1,32,64,69,6,10.6947428333333,19.55767
1,32,78,82,5,7.47611866,22.92443
1,33,7,14,8,18.9488165,26.80025
1,33,54,60,7,14.4657450857143,32.13032
1,33,63,69,7,3.76235468571429,7.403757
1,33,74,82,9,19.8749695555556,31.75124
1,34,2,13,12,22.73116525,31.62875
1,34,54,59,6,12.1311048333333,25.64125
1,34,73,84,12,16.4481953333333,25.11635
1,35,2,13,12,22.5101799,30.92716
1,35,47,50,4,3.36852925,10.69393
1,35,55,59,5,8.757673,19.47145
1,35,74,84,11,20.8571831818182,28.98691
1,36,2,13,12,21.1254868333333,31.55337
1,36,32,37,6,13.0401815,27.89017
1,36,39,44,6,13.0581601666667,28.94365
1,36,55,59,5,7.5882146,17.56553
1,36,61,71,11,4.61062886363636,10.25962
1,36,73,77,5,16.7880986,29.84506
1,37,2,12,11,20.0892491818182,30.40618
1,37,25,28,4,3.410997,9.598797
1,37,32,37,6,13.2364928333333,26.65587
1,37,40,44,5,10.7847282,18.96906
1,37,55,58,4,5.61044785,11.62524
1,37,61,65,5,7.97058864,13.8643
1,37,67,71,5,5.22835838,10.21243
1,37,73,90,18,17.5801660055556,33.77348
1,38,2,12,11,15.3023086363636,25.70598
1,38,32,36,5,8.7793932,15.81537
1,38,41,45,5,9.5623318,21.44997
1,38,61,64,4,8.83225585,15.14123
1,38,68,84,17,12.4974829411765,26.75458
1,39,2,13,12,14.0497900833333,25.836
1,39,60,64,5,5.9672534,15.55032
1,39,69,82,14,12.9977200642857,18.79597
1,40,4,13,10,17.1302305,27.77389
1,40,49,53,5,14.5774058,27.95752
1,40,56,63,8,6.774305375,11.3532
1,40,70,80,11,13.9533463636364,21.30492
1,41,2,13,12,12.1634497,24.02428
1,41,25,28,4,7.91408,15.81693
1,41,32,37,6,14.2261172,24.96242
1,41,41,46,6,12.4371718333333,26.18897
1,41,48,53,6,13.5407436666667,27.43288
1,41,56,62,7,11.7868928,19.89418
1,41,69,80,12,12.5029216666667,21.42558
1,42,3,12,10,6.47520389,12.4648
1,42,18,22,5,3.4397046,9.57525
1,42,31,38,8,11.03904575,21.15796
1,42,41,53,13,8.69579159230769,18.22193
1,42,56,62,7,10.5856302857143,22.8168
1,42,68,80,13,10.4651641961538,18.48213
1,43,5,11,7,2.53104264285714,5.554782
1,43,18,21,4,2.809955125,5.454899
1,43,29,39,11,8.57211538181818,15.92998
1,43,43,54,12,3.76308336916667,10.69639
1,43,56,62,7,6.49537928571429,14.49102
1,43,67,80,14,5.46665448571429,12.06111
1,43,87,90,4,13.92092125,22.53857
1,44,29,39,11,11.1467681636364,24.63654
1,44,45,53,9,5.34725684111111,12.09043
1,44,67,74,8,2.167431325,4.498905
1,44,76,80,5,2.865252,5.791924
1,44,86,90,5,16.1626106,23.48873
1,45,6,20,15,6.24153910666667,16.24962
1,45,29,35,7,16.9612606285714,34.35022
1,45,47,53,7,6.94802057142857,14.7032
1,45,66,75,10,3.34325303,6.535948
1,45,84,90,7,15.2178684285714,26.60632
1,46,5,20,16,9.3243829625,24.42665
1,46,30,33,4,18.95551275,33.03925
1,46,48,53,6,9.78355925,17.57784
1,46,65,70,6,6.57848633333333,14.62653
1,46,83,90,8,11.8770604375,27.79634
1,47,2,20,19,8.26689528421053,25.00994
1,47,49,54,6,9.347414,21.8142
1,47,65,69,5,12.9210838,22.88555
1,47,84,90,7,10.2511805285714,22.99363
1,48,2,23,22,8.42454888181818,24.00695
1,48,59,62,4,3.436216,7.274425
1,48,65,69,5,15.73624266,27.59292
1,48,76,90,15,3.54089168,14.88937
1,49,2,24,23,10.1232814091304,22.19154
1,49,50,54,5,4.3721914,10.39809
1,49,58,69,12,10.3801298666667,26.73755
1,49,76,90,15,2.47895211833333,7.572335
1,50,2,25,24,10.7574029208333,23.16822
1,50,57,68,12,12.1867008333333,20.82328
1,50,80,90,11,3.516573,7.717221
1,51,2,22,21,10.2133902380952,25.76588
1,51,24,33,10,11.90348756,30.46641
1,51,53,67,15,9.411975238,17.84159
1,51,80,89,10,6.03862857,10.75334
1,52,2,16,15,11.3496031913333,25.83636
1,52,24,41,18,15.9426799333333,29.87931
1,52,53,67,15,8.10254792666667,18.77545
1,52,80,90,11,11.4046234272727,19.55009
1,53,4,15,12,12.9684381,25.91802
1,53,25,38,14,16.6017660714286,32.8635
1,53,52,65,14,8.12869557142857,17.22086
1,53,75,90,16,11.0791895375,23.2407
1,54,4,15,12,10.39349625,23.62961
1,54,25,38,14,14.5414929285714,32.98955
1,54,51,64,14,6.88844863571429,11.29842
1,54,75,80,6,2.19064366333333,5.437869
1,54,81,90,10,18.53473169,32.73547
1,55,5,15,11,8.13808181818182,16.38804
1,55,18,42,25,9.267250244,27.48393
1,55,52,64,13,4.81857092307692,9.661525
1,55,82,90,9,13.9812066666667,21.54916
1,56,6,21,16,6.2964835625,9.888422
1,56,23,41,19,8.42583227894737,22.66589
1,56,56,64,9,6.31532893333333,14.10541
1,56,70,90,21,2.66843836333333,9.696788
1,57,7,20,14,7.90154757142857,12.72531
1,57,24,41,18,7.52542875555556,23.83562
1,57,57,64,8,6.2369605625,13.30345
1,57,71,83,13,2.01236186923077,3.598055
1,58,8,19,12,9.09059508333333,18.72942
1,58,23,27,5,2.4520421,5.31611
1,58,30,40,11,12.9946343636364,26.33164
1,58,57,64,8,3.60711065,8.224875
1,58,71,88,18,2.29643145,4.860532
1,59,8,18,11,10.0907196363636,22.0053
1,59,23,27,5,2.8394016,6.440358
1,59,30,41,12,10.437915075,27.96675
1,59,70,88,19,3.08724476842105,6.869048
1,60,8,17,10,10.2863253,20.2583
1,60,23,26,4,2.7262015325,5.262031
1,60,36,42,7,14.3067958571429,27.46824
1,60,70,88,19,3.164680589,7.426536
1,61,8,16,9,10.296343,19.05753
1,61,37,45,9,14.9533724444444,26.90785
1,61,71,82,12,4.391935685,9.834902
1,62,7,15,9,11.5226872222222,20.95882
1,62,37,45,9,12.2146005555556,22.54811
1,62,70,81,12,4.55039773333333,10.54546
1,63,7,15,9,12.7912115555556,22.86744
1,63,27,32,6,2.58308716666667,5.593805
1,63,37,45,9,7.17050765555556,15.04003
1,63,70,82,13,2.77452489230769,6.947439
1,64,6,16,11,8.83570844545454,17.86266
2,1,2,90,89,6.21513209580899,12.08427
2,2,2,90,89,6.53425006179775,12.98806
2,3,2,90,89,6.91688739325843,11.47361
2,4,2,90,89,7.09101574269663,12.15262
2,5,2,90,89,7.32383657640449,12.56983
2,6,2,90,89,7.48265470786517,13.34324
2,7,2,90,89,6.96370649438202,11.70725
2,8,2,90,89,6.43165424719101,10.6624
2,9,2,90,89,6.21151308988764,10.89635
2,10,2,90,89,5.81064396404494,10.63162
2,11,2,90,89,5.4787414752809,9.657375
2,12,2,90,89,5.13068245955056,9.104939
2,13,2,90,89,4.79721054494382,9.134436
2,14,2,90,89,4.85400574382022,9.799165
2,15,2,90,89,4.84284005337079,8.963657
2,16,2,90,89,4.75102391910112,9.299139
2,17,2,90,89,4.5134073047191,10.88299
2,18,2,90,89,4.50163766404494,10.81505
2,19,2,90,89,4.03396500168539,9.901644
2,20,2,65,64,3.561374088125,10.98525
2,20,69,90,22,5.85786745454545,7.705371
2,21,2,20,19,3.92731374210526,9.823597
2,21,24,64,41,4.47773676829268,15.50204
2,21,70,90,21,6.56878952380952,10.30883
2,22,2,20,19,5.17513522,13.02379
2,22,24,64,41,4.70452160731707,19.55002
2,22,71,90,20,7.695517785,16.49879
2,23,2,18,17,4.11984812352941,9.055825
2,23,23,63,41,5.03528373170732,22.80564
2,23,72,90,19,10.4399080473684,21.39179
2,24,2,16,15,5.59520193333333,7.388783
2,24,38,64,27,8.7284654037037,28.89148
2,24,73,90,18,13.5320299222222,25.07867
2,25,2,14,13,8.02600056153846,14.71826
2,25,19,26,8,4.6467116,10.07174
2,25,38,50,13,5.84032112307692,15.28596
2,25,53,57,5,16.918702,34.21815
2,25,76,89,14,14.8655452857143,23.13247
2,26,2,11,10,13.7234619,24.83161
2,26,17,26,10,9.82834543,16.23157
2,26,39,57,19,11.0192777,38.69777
2,26,76,89,14,17.1626457857143,28.12077
2,27,2,10,9,17.1481397777778,28.70206
2,27,16,27,12,12.7014910166667,17.60503
2,27,39,48,10,10.214979,22.55541
2,27,50,57,8,13.7788558375,36.38236
2,27,77,89,13,19.684957,30.0953
2,28,16,28,13,13.4896483846154,20.98239
2,28,40,46,7,13.9048297142857,23.89986
2,28,53,57,5,17.767558,31.5093
2,28,61,67,7,15.5655335714286,24.2627
2,28,77,89,13,16.3018589230769,24.37084
2,29,15,28,14,13.2601636428571,26.98029
2,29,41,46,6,13.7120111666667,24.29629
2,29,54,67,14,19.4920277142857,29.06888
2,29,78,90,13,17.9557276923077,28.80635
2,30,15,30,16,11.8461613125,26.82544
2,30,41,46,6,15.6240034666667,25.1489
2,30,55,65,11,15.8822716363636,35.39629
2,30,80,85,6,19.1632518333333,28.81377
2,31,16,32,17,11.4224112823529,28.34952
2,31,57,69,13,13.6586445384615,30.54324
2,32,27,34,8,10.129816625,15.21281
2,32,59,65,7,19.5799694285714,32.88425
2,33,28,35,8,10.105458125,16.72104
2,33,42,48,7,13.5179498571429,22.74865
2,33,60,65,6,18.5621433333333,31.71416
2,34,7,18,12,16.7890146666667,34.39692
2,34,30,36,7,10.0710295285714,18.43511
2,34,42,48,7,11.0771309571429,16.45486
2,35,7,19,13,16.2332676153846,33.35799
2,35,31,36,6,5.55016383333333,9.912678
2,35,43,54,12,15.4970693333333,28.13615
2,38,8,13,6,20.89993,30.49428
2,39,9,17,9,16.0504195555556,29.90053
2,40,72,78,7,16.3631316285714,24.61103
2,41,72,79,8,15.332873125,25.40719
2,42,51,58,8,20.128406375,28.34084
2,42,72,79,8,14.267513125,20.75959
2,43,51,58,8,14.352725625,20.74229
2,43,72,80,9,17.2273498888889,27.38603
2,44,51,58,8,19.9473700625,26.0113
2,44,73,80,8,16.5573155,23.772
2,45,73,79,7,16.5940392857143,24.06662
2,46,74,82,9,7.89208777777778,19.20332
2,47,74,83,10,8.3263458,23.97227
2,50,31,35,5,14.3283392,19.80989
2,51,31,36,6,14.3766723333333,25.12545
2,52,44,49,6,23.3927216666667,30.39456
2,55,71,80,10,14.184096,30.01414
2,56,73,81,9,18.7734774444444,29.30363
2,57,59,63,5,21.503864,31.17355
2,58,13,16,4,9.7402995,23.2644
2,58,19,22,4,5.30406775,13.4951
2,58,59,67,9,17.5907172222222,29.99289
2,58,73,80,8,19.59502974375,27.73299
2,59,58,63,6,20.2016633333333,29.54454
2,59,74,80,7,13.5994794285714,25.41233
2,60,33,38,6,13.5126218333333,24.87533
2,60,56,64,9,21.1674291111111,36.07366
2,61,32,38,7,12.7727128571429,23.23133
2,61,56,72,17,15.4603512411765,30.0047
2,61,74,78,5,2.907077,5.599571
2,62,31,40,10,10.983565,23.46833
2,62,57,68,12,20.4733058333333,29.65648
2,62,72,77,6,14.6659081666667,25.41744
2,63,14,20,7,12.688261,25.00394
2,63,28,33,6,15.1915298333333,27.84201
2,63,34,40,7,11.1910519142857,20.90666
2,63,56,67,12,20.1233333333333,32.01056
2,64,27,32,6,13.9057895,24.93252
2,64,35,40,6,14.5023603333333,22.8906
2,64,55,65,11,16.3991118181818,31.63863
2,65,14,19,6,12.5884781666667,23.22026
2,65,26,31,6,14.07407245,22.07506
2,65,35,40,6,15.9652293333333,24.88483
2,65,56,64,9,14.1523628888889,28.83836
2,66,14,19,6,11.2896535,22.58243
2,66,25,31,7,13.9085741428571,22.50858
2,66,35,41,7,15.0325668571429,27.21103
2,66,55,64,10,17.5766031,30.60305
2,67,55,64,10,16.9066562,30.21213
2,68,48,66,19,17.7277546315789,32.85205
2,69,53,62,10,8.487410558,21.98611
2,69,63,71,9,20.3471568333333,32.749
2,70,54,71,18,15.8577156666667,33.81807
2,71,30,39,10,14.2814169,28.56056
2,71,54,75,22,18.3880677818182,30.01388
2,71,84,90,7,19.287578,29.72429
2,72,8,14,7,17.8698511428571,24.6178
2,72,29,39,11,15.2905884545455,26.88382
2,72,55,75,21,15.9140358095238,27.06932
2,72,84,90,7,24.5435471428571,31.57666
2,73,8,14,7,19.461276,28.15952
2,73,29,39,11,17.6134068181818,29.75072
2,73,56,75,20,16.91276925,20.76778
2,74,29,34,6,24.7581583333333,30.90692
2,74,56,74,19,15.7750057894737,27.38941
2,75,29,35,7,25.2757385714286,32.37511
2,75,57,74,18,11.2655954138889,27.09743
2,76,29,40,12,19.2273249166667,25.913
2,76,58,62,5,9.6993906,25.04657
2,76,63,74,12,11.2882756083333,23.17294
2,77,29,39,11,19.5877857272727,22.98994
2,77,59,75,17,9.75328741176471,25.99194
2,78,29,39,11,17.2893852727273,22.04414
2,78,61,75,15,6.54511773333333,21.47599
2,79,29,40,12,17.34176725,22.20497
2,80,29,41,13,19.631091,27.31624
2,80,64,75,12,6.04201578666667,21.06332
2,81,35,41,7,18.8754635714286,27.63498
2,81,64,71,8,4.8326197125,18.28575
2,81,72,75,4,6.01152,10.62706
2,82,19,24,6,16.6027645,30.08908
2,82,36,41,6,18.8617006666667,25.68809
2,82,64,75,12,7.90990583333333,22.13396
2,83,19,25,7,14.1945474285714,29.08537
2,83,32,41,10,23.0676927,29.95505
2,83,65,76,12,10.0039211166667,23.61245
2,84,20,36,17,18.8647288764706,30.73085
2,84,72,77,6,12.8475153333333,22.1579
2,85,22,35,14,17.5418070285714,31.10753
2,86,24,33,10,14.48790641,28.82038
2,86,55,59,5,20.21458,30.58361
2,86,65,69,5,8.103435,21.36674
2,86,72,79,8,13.58289925,23.75166
2,87,24,33,10,9.44239546,29.49797
2,87,54,60,7,16.6118302857143,32.62298
2,87,73,79,7,15.1506317142857,21.3266
2,88,29,33,5,15.7827043,31.88131
2,88,54,61,8,19.0845175,33.00625
2,89,29,33,5,16.195535,32.18171
2,89,42,48,7,14.4108171428571,26.30375
2,89,54,64,11,17.0855895454545,32.63015
2,89,74,79,6,12.194653,24.20721
2,90,21,33,13,7.30161070230769,30.08194
2,90,42,48,7,19.3389168571429,28.05779
2,90,54,70,17,15.6021897647059,31.75895
2,90,74,77,4,4.160995,8.933672
2,91,8,13,6,2.07177348333333,6.204353
2,91,26,48,23,18.3272597565217,28.91184
2,91,55,62,8,6.0582735,10.43777
2,91,65,68,4,5.0599675,9.105491
2,92,8,13,6,4.74331933333333,11.18497
2,92,27,48,22,16.7395147272727,28.65813
2,92,56,61,6,5.48369033333333,10.12448
3,1,30,36,7,7.29852171428571,13.94001
3,1,39,42,4,3.1264615,8.450188
3,1,52,68,17,11.4091140235294,27.97439
3,1,75,80,6,6.11595,11.79503
3,1,85,90,6,11.4803811666667,17.48963
3,2,2,8,7,24.5143957142857,30.16231
3,2,30,36,7,6.28292885714286,11.2135
3,2,51,67,17,13.8687506058824,24.34599
3,2,74,80,7,4.5170239,11.11304
3,2,85,90,6,14.1161475,20.78778
3,3,2,7,6,22.398325,29.22296
3,3,31,36,6,2.66726,7.491671
3,3,50,67,18,15.7940283888889,28.6944
3,3,75,80,6,4.53880538333333,9.989673
3,3,85,90,6,17.4285961666667,25.50845
3,4,2,6,5,20.969606,31.16955
3,4,32,35,4,2.44499675,5.124861
3,4,49,62,14,15.8201285928571,30.41765
3,4,75,80,6,3.2067835,6.936279
3,4,84,90,7,17.0888595714286,28.3113
3,5,2,5,4,24.9284575,34.92419
3,5,49,62,14,14.2809048571429,29.00299
3,5,74,79,6,3.15926411666667,7.402223
3,5,84,90,7,17.4836738857143,29.60463
3,6,19,25,7,7.09497534285714,12.91619
3,6,49,70,22,15.0733435818182,29.84974
3,6,74,78,5,6.13825798,10.87028
3,6,83,90,8,15.8582815,28.6788
3,7,13,16,4,7.28471875,19.48055
3,7,18,27,10,9.89554857,20.58626
3,7,52,58,7,14.9025235714286,31.49908
3,7,74,77,4,4.68051235,8.345763
3,7,82,89,8,18.4449005,27.65131
3,8,11,28,18,13.3658492777778,28.04266
3,8,52,57,6,15.1529370166667,31.56838
3,8,74,77,4,2.8882735,8.255585
3,9,6,27,22,18.1900349090909,28.54873
3,9,53,57,5,18.0173548,33.27297
3,10,7,28,22,17.4962999090909,24.37537
3,10,45,48,4,2.0658915,4.71581
3,10,53,57,5,16.009965,29.09824
3,11,2,29,28,17.97326375,29.62868
3,11,46,49,4,3.242726,6.483439
3,11,53,58,6,13.8273841666667,28.84767
3,12,2,30,29,17.6912949655172,25.20384
3,12,46,51,6,7.13922566666667,14.33345
3,12,54,60,7,13.0356286428571,41.02466
3,13,2,32,31,15.2759107645161,29.1031
3,13,46,51,6,10.530769,19.06662
3,13,74,77,4,2.70965825,7.557888
3,13,81,84,4,15.0599455,29.69705
3,14,7,35,29,13.5918077586207,27.3873
3,14,45,50,6,7.29026616666667,12.92879
3,14,81,85,5,16.1273148,31.28811
3,15,6,25,20,16.549379,24.76005
3,15,29,36,8,8.988236625,16.73959
3,15,44,50,7,6.053545,13.11989
3,15,73,76,4,4.776106,10.47455
3,15,80,87,8,15.670642875,30.01182
3,16,7,24,18,16.7407403327778,24.53672
3,16,29,38,10,10.2253536,21.75626
3,16,44,50,7,9.44658894285714,16.52277
3,16,55,60,6,11.0603115166667,30.62905
3,16,72,76,5,2.10090766,7.808005
3,16,79,90,12,17.0409914166667,30.07072
3,17,6,23,18,16.7296074444444,22.98726
3,17,29,39,11,11.1221164181818,23.40874
3,17,43,51,9,8.41194133333333,17.27521
3,17,72,75,4,4.33231,7.730693
3,17,78,90,13,13.7571024615385,19.37016
3,18,5,23,19,15.7831713684211,23.96082
3,18,30,51,22,10.2334793863636,24.17418
3,18,71,75,5,4.6383638,10.67032
3,18,79,90,12,10.1409865833333,18.74676
3,19,4,23,20,14.50431195,24.29967
3,19,31,50,20,11.342823095,20.82883
3,19,66,75,10,7.2982191,18.68164
3,19,83,90,8,20.011568875,27.83852
3,20,2,22,21,14.7526832809524,28.59581
3,20,32,37,6,5.324346,12.07164
3,20,41,50,10,16.1446695,25.21423
3,20,62,75,14,20.5030180142857,28.18091
3,20,85,88,4,23.0514575,31.92447
3,21,2,22,21,15.7107870142857,31.02058
3,21,74,77,4,8.82390125,24.37948
3,21,86,90,5,20.0185914,30.83124
3,22,2,22,21,16.6378110190476,30.79666
3,22,75,80,6,6.23884511666667,22.2758
3,22,86,90,5,15.7834178,23.56444
3,23,2,6,5,20.0650892,29.48377
3,23,12,22,11,7.86552146363636,26.17702
3,23,87,90,4,17.9436475,19.69084
3,24,2,7,6,20.2648331666667,33.14863
3,24,12,23,12,8.09562378333333,22.76139
3,24,87,90,4,18.52782,22.38322
3,25,2,22,21,15.130759,33.56306
3,25,53,58,6,14.983674,27.41512
3,25,73,80,8,9.833990625,21.06281
3,25,87,90,4,18.71615,24.55915
3,26,2,22,21,12.3906872857143,29.00286
3,26,53,57,5,12.3129902,24.72645
3,26,66,81,16,12.4994101875,21.05984
3,26,87,90,4,23.8206425,29.04463
3,27,2,15,14,10.1973954571429,21.65148
3,27,17,22,6,11.5870085,21.01915
3,27,66,82,17,13.3017900588235,21.19769
3,27,87,90,4,15.68827,19.05405
3,28,2,14,13,4.51681219230769,14.0956
3,28,17,22,6,10.0826733333333,20.59613
3,28,28,31,4,11.75497675,16.91298
3,28,42,49,8,8.5293516,18.79116
3,28,52,55,4,4.90727275,11.11396
3,28,66,82,17,15.1147105176471,24.03166
3,29,2,12,11,7.08681845454545,11.25033
3,29,16,21,6,6.33616416666667,13.50331
3,29,26,31,6,12.038872,20.35906
3,29,40,54,15,4.986771712,10.59369
3,29,64,82,19,11.9529763157895,22.6586
3,30,6,12,7,5.46029375714286,12.31457
3,30,14,18,5,4.3923456,9.057281
3,30,24,31,8,12.737196,18.26615
3,30,39,55,17,5.75734362352941,12.0637
3,30,63,81,19,11.7370068421053,23.21092
3,31,7,18,12,6.5142555,12.98877
3,31,23,32,10,11.0818858,20.10008
3,31,38,53,16,9.32848805625,25.81914
3,31,63,82,20,8.6108043,20.43332
3,32,8,19,12,7.54181690833333,12.34814
3,32,23,32,10,16.3054958,28.6291
3,32,39,47,9,10.3182913333333,32.53299
3,32,61,76,16,9.8830522375,18.28829
3,32,78,82,5,4.07343394,9.539398
3,33,9,20,12,4.91845966666667,9.304136
3,33,23,26,4,19.45023275,31.83926
3,33,40,47,8,10.5761546875,31.68467
3,33,63,83,21,11.4357793761905,22.25275
3,34,10,20,11,3.4155016,9.380581
3,34,23,26,4,21.5504005,33.73647
3,34,44,47,4,21.18084475,33.43184
3,34,61,84,24,12.4475986083333,32.38926
3,35,11,20,10,3.43963127,10.56358
3,35,43,47,5,18.0650896,33.4904
3,35,60,74,15,12.05801774,32.99332
3,35,77,85,9,10.9245094444444,27.28289
3,36,10,21,12,4.52032584166667,11.99089
3,36,22,25,4,15.6423291,30.69549
3,36,43,47,5,20.1653736,31.29201
3,36,62,74,13,18.1977436923077,33.20485
3,36,79,84,6,9.10680668333333,24.79662
3,37,10,25,16,9.3571149375,31.48399
3,37,42,47,6,19.3069915,31.13448
3,37,61,74,14,20.0662716428571,31.67152
3,38,11,25,15,7.84838108,37.77079
3,38,36,39,4,4.1338435,8.035782
3,38,42,47,6,20.3644168333333,31.42323
3,38,62,74,13,16.881263,29.01281
3,39,11,15,5,2.11476618,7.539183
3,39,22,25,4,20.853119025,41.14567
3,39,35,40,6,7.91322666666667,17.00649
3,39,42,47,6,20.9083123333333,30.07524
3,39,62,75,14,15.9724596428571,29.07017
3,40,11,15,5,3.89184888,10.78676
3,40,22,25,4,18.19728735,35.8342
3,40,35,47,13,15.7481249230769,28.95631
3,40,62,90,29,16.1055620413793,33.0574
3,41,2,5,4,11.85853275,33.15519
3,41,10,15,6,4.94634385,11.4223
3,41,19,31,13,14.4884169384615,32.79883
3,41,33,47,15,13.0067464933333,29.41855
3,41,63,82,20,19.9957643,33.60312
3,42,10,17,8,2.3345716375,5.467661
3,42,19,29,11,13.4803385636364,26.8041
3,42,33,47,15,10.0268707333333,32.25958
3,42,74,82,9,19.4691688888889,33.1477
3,43,14,28,15,8.78474824,21.20183
3,43,39,47,9,11.1450226666667,30.71781
3,43,74,83,10,17.5058861,33.25324
3,44,2,6,5,13.2431528,27.17877
3,44,14,27,14,8.86271185714286,18.52719
3,44,38,42,5,3.72576724,7.893977
3,44,44,48,5,16.2800680498,29.55863
3,44,69,90,22,17.5915869090909,32.98796
3,45,2,6,5,10.0371666,20.56571
3,45,20,27,8,12.11878125,19.96457
3,45,38,41,4,3.22661575,8.187431
3,45,45,52,8,21.16429425,30.62964
3,45,71,90,20,11.6585098,20.67982
3,46,2,6,5,7.7185244,15.5538
3,46,14,28,15,8.02179210266667,25.21494
3,46,31,35,5,5.3659018,11.81485
3,46,37,53,17,12.8763386058824,30.81309
3,46,71,90,20,9.17319493,20.76926
3,47,2,7,6,10.5604205,18.78642
3,47,14,53,40,15.6785934325,29.92592
3,47,72,85,14,11.7479396428571,21.57528
3,48,2,7,6,18.050421,25.22781
3,48,13,54,42,16.3916800333333,34.5621
3,48,72,84,13,9.94710830769231,21.67984
3,49,2,8,7,15.2719174285714,24.35727
3,49,13,30,18,10.8035647277778,26.59326
3,49,35,55,21,19.3021312380952,35.34063
3,49,72,84,13,9.67705869230769,24.96459
3,50,2,8,7,14.5511881428571,21.30786
3,50,14,29,16,10.7759385625,23.12132
3,50,36,44,9,20.1021078888889,31.13654
3,50,48,62,15,14.97754304,29.9118
3,50,73,84,12,8.90215221666667,25.01959
3,51,2,9,8,11.50217475,21.68618
3,51,14,28,15,9.2940037,15.76489
3,51,34,49,16,18.43160054375,28.47668
3,51,56,61,6,12.6107908333333,25.01891
3,51,75,83,9,6.85516424444444,16.8482
3,52,2,10,9,6.19343421111111,14.93397
3,52,15,27,13,7.27696569230769,12.28188
3,52,32,48,17,17.5573191294118,32.35137
3,52,64,68,5,16.5933972,24.29904
3,52,77,82,6,2.51664713333333,6.321478
3,53,2,10,9,4.073663,7.077415
3,53,16,27,12,5.25215761666667,10.21767
3,53,32,49,18,12.4867117777778,26.97033
3,53,56,61,6,13.7008768333333,27.49894
3,53,63,70,8,14.560992,30.28696
3,53,86,90,5,4.124853466,7.508648
3,54,4,12,9,2.28041497777778,5.620636
3,54,18,28,11,2.87147290909091,7.010142
3,54,32,50,19,8.720852,17.36517
3,54,55,61,7,15.815183,30.7639
3,54,64,75,12,6.76121875,14.94648
3,54,86,90,5,5.6872508,11.47506
3,55,6,13,8,4.12545425,8.105096
3,55,32,50,19,7.07691196842105,10.1754
3,55,53,62,10,10.83600718,27.34993
3,55,63,68,6,6.41297066666667,15.5104
3,55,70,75,6,7.79022398333333,16.85351
3,55,87,90,4,4.39977675,6.963858
3,56,3,15,13,4.48891262307692,13.5377
3,56,34,50,17,4.82880533529412,10.39962
3,56,54,62,9,10.0950749777778,24.20759
3,56,64,67,4,6.338423,11.58157
3,56,71,76,6,13.0843805,23.93911
3,57,2,16,15,4.97632353333333,10.68945
3,57,37,50,14,3.89629991357143,8.743181
3,57,56,67,12,8.209495525,21.15308
3,57,71,77,7,12.9327304285714,24.70524
3,58,2,18,17,3.53985652941176,10.29466
3,58,38,52,15,3.12882416,8.357373
3,58,56,67,12,6.6217725,15.42885
3,58,71,77,7,8.75596385714286,17.09994
3,59,11,19,9,4.33975946666667,11.47541
3,59,33,61,29,2.99310134517241,9.366815
3,59,71,77,7,5.63988342857143,11.46069
3,60,12,19,8,3.93520114375,8.38132
3,60,34,61,28,2.22705825607143,6.120187
3,60,71,77,7,2.84226928571429,6.82563
3,61,12,22,11,3.43403125454545,8.503909
3,61,35,77,43,2.0343805444186,7.617426
3,62,14,23,10,2.947611617,6.034156
3,62,38,78,41,3.2842495564878,13.24201
3,63,38,90,53,2.57707358188679,11.77237
3,64,15,27,13,2.47054274692308,6.587266
3,65,36,75,40,2.0622821325,3.799479
3,68,14,76,63,2.01769287285714,5.133663
3,69,34,69,36,2.36689170555556,4.600472
3,70,29,68,40,2.1742436665,4.745983
3,73,33,75,43,2.36538414418605,5.511658
3,73,80,90,11,2.13061425454545,3.367056
3,74,33,76,44,2.66717737522727,5.587232
3,75,30,76,47,2.5278605487234,5.780153
3,76,2,8,7,3.64637537142857,8.644582
3,76,19,75,57,2.03260742368421,4.913334
3,77,2,14,13,6.34511220769231,9.769144
3,78,2,14,13,4.44183446153846,7.248192
3,79,45,90,46,2.07160317978261,5.807511
3,80,11,34,24,2.56024734708333,5.142352
3,80,47,75,29,2.90796449068966,8.013593
3,81,14,74,61,2.84445296639344,12.46145
3,81,84,90,7,2.504357,5.164757
3,82,15,61,47,2.97602751468085,13.42621
3,82,64,71,8,3.1362955875,7.561776
3,82,75,83,9,3.19689544444444,8.085947
3,83,36,60,25,2.754147136,6.911387
3,83,64,71,8,4.4532300375,8.221578
3,83,77,83,7,5.53488685714286,10.7001
3,84,36,75,40,2.39532890625,6.398479
3,84,79,83,5,2.38571896,4.066759
4,1,4,13,10,12.2764124,25.27706
4,1,24,27,4,9.6114344,27.79964
4,1,29,40,12,8.50558764166667,15.67457
4,1,43,73,31,6.64004319354839,20.33167
4,2,4,14,11,12.2929466818182,24.50898
4,2,25,41,17,8.40612429411765,18.40572
4,2,43,73,31,7.4334677,22.3535
4,3,3,14,12,14.22990155,28.00357
4,3,19,22,4,21.749198,35.02716
4,3,25,41,17,10.7123019058824,25.5101
4,3,48,72,25,10.038648636,24.82347
4,4,2,16,15,12.7584579333333,26.22506
4,4,19,22,4,16.19910075,31.21396
4,4,26,42,17,10.2958637882353,23.14192
4,4,48,71,24,10.2423818958333,25.48228
4,5,2,17,16,10.410519875,25.36737
4,5,20,23,4,21.5833755,37.47849
4,5,26,65,40,11.29441190225,27.39024
4,6,5,17,13,11.0777620769231,21.38737
4,6,26,65,40,12.601454175,29.08362
4,7,5,17,13,12.1156302923077,18.35492
4,7,21,65,45,14.7103493533333,30.36415
4,8,7,34,28,14.0454814535714,30.16412
4,8,37,69,33,11.1634893606061,27.89432
4,12,5,17,13,15.2658905384615,31.64109
4,12,22,33,12,18.093,29.715
4,12,37,66,30,13.3644117333333,25.8148
4,12,74,77,4,8.539105,12.15721
4,12,85,90,6,12.9905443333333,18.01374
4,13,2,17,16,11.0188972275,31.60525
4,13,23,33,11,18.9010609090909,30.01755
4,13,37,65,29,13.4348395034483,27.63884
4,13,74,78,5,5.6747428,12.51009
4,13,85,89,5,9.284332734,14.87003
4,14,2,17,16,10.845073875,31.22495
4,14,23,33,11,19.7111636363636,30.65751
4,14,37,64,28,13.8022456785714,29.01823
4,14,74,78,5,5.1864654,11.23194
4,15,2,17,16,10.1081046875,30.54206
4,15,23,33,11,19.0716445454545,31.74209
4,15,37,64,28,13.445676525,28.2718
4,15,73,78,6,3.0852975,9.056194
4,16,2,17,16,8.994278425,29.55678
4,16,23,33,11,17.746366,34.50851
4,16,37,65,29,12.5800580344828,28.55338
4,16,69,77,9,5.63535188888889,11.38931
4,17,5,18,14,12.791150955,36.30886
4,17,23,33,11,16.2297168181818,35.42548
4,17,37,59,23,15.6023096,27.56553
4,17,69,76,8,9.31876825,14.89544
4,18,5,18,14,14.548744,35.30047
4,18,23,33,11,16.2248158181818,35.28264
4,18,37,59,23,15.3292496826087,26.23939
4,18,68,76,9,9.86758051111111,17.70687
4,18,84,87,4,8.10424362,14.58719
4,19,2,18,17,13.9686582352941,33.46581
4,19,22,33,12,17.6211285833333,33.72086
4,19,36,59,24,15.5692904295833,26.44978
4,19,63,66,4,2.3192355,5.009566
4,19,68,76,9,12.1997495555556,22.39624
4,19,84,90,7,9.46635,20.43646
4,20,2,39,38,17.5549530078947,35.06484
4,20,40,60,21,16.0568275,25.50179
4,20,68,76,9,15.2697306666667,28.48101
4,20,84,90,7,15.158532,36.12127
4,21,2,38,37,16.8984787810811,31.35158
4,21,40,64,25,13.701676144,23.95908
4,21,67,71,5,15.6283834,29.00132
4,22,2,64,63,15.0008400063492,27.71253
4,22,68,71,4,19.797354,30.85226
4,22,84,88,5,18.37142,31.78791
4,23,2,65,64,13.836704965625,25.04739
4,23,68,71,4,19.471284,31.84923
4,23,83,89,7,15.0327032857143,33.147
4,24,4,71,68,13.8083323088235,34.62423
4,24,82,86,5,8.6119438,18.71627
4,25,4,71,68,13.6526805132353,33.23401
4,25,82,86,5,7.9024416,17.68202
4,26,2,72,71,13.6723904091549,36.32322
4,26,82,88,7,4.31303232857143,9.663397
4,27,3,71,69,13.3725078130435,30.1332
4,27,82,89,8,8.619121625,15.57249
4,28,4,61,58,12.1886984482759,24.25517
4,28,63,68,6,17.256741,31.2842
4,28,82,90,9,4.78571477777778,9.166987
4,29,4,61,58,12.1118962068966,24.7983
4,29,63,68,6,16.7967374333333,31.28839
4,30,4,60,57,12.3789330526316,25.37966
4,30,64,68,5,19.992427,30.25055
4,31,4,60,57,12.3227569610526,26.00441
4,31,64,69,6,21.0888561666667,31.88701
4,32,2,60,59,11.8131238728814,25.43957
4,32,63,69,7,17.1035827285714,30.18379
4,33,2,61,60,11.8170207166667,24.22929
4,33,63,69,7,17.3814240428571,31.80714
4,34,2,61,60,12.3734561,27.03585
4,34,63,68,6,15.8707728333333,29.12617
4,34,75,79,5,9.6847944,24.65406
4,35,2,69,68,13.6363362735294,32.81801
4,35,74,81,8,9.2411177725,26.67448
4,36,9,69,61,12.2716089032787,31.405
4,36,74,83,10,7.6199538,23.93144
4,37,9,86,78,12.559007374359,34.06261
4,38,9,85,77,12.8844467844156,31.22155
4,39,10,85,76,12.4233625526316,28.84447
4,40,10,44,35,13.6648866857143,26.44574
4,40,49,86,38,12.7728044131579,25.80829
4,41,9,44,36,12.7138253536111,28.49568
4,41,49,86,38,12.0531227894737,24.31233
4,42,2,85,84,11.9194285290476,29.55645
4,43,2,18,17,16.5554704823529,23.01258
4,43,20,36,17,13.0657421647059,29.26153
4,43,39,60,22,6.37467707318182,19.51795
4,43,62,86,25,11.212280552,31.1245
4,44,2,18,17,16.0382604705882,20.45363
4,44,21,34,14,15.5865697142857,28.8483
4,44,39,49,11,6.00545718181818,11.65964
4,44,52,59,8,9.428848875,19.68486
4,44,62,86,25,13.94070444,33.38023
4,45,2,18,17,15.8532229411765,21.33506
4,45,21,33,13,15.116651,27.00899
4,45,39,49,11,6.04250481818182,14.88065
4,45,53,59,7,8.17490328571429,18.19216
4,45,62,87,26,13.1977877307692,32.85545
4,46,2,18,17,16.0734011176471,24.2548
4,46,21,32,12,15.0385235416667,23.94615
4,46,44,49,6,7.6505565,16.45071
4,46,55,59,5,7.7026466,13.463
4,46,61,81,21,13.4386865333333,26.46896
4,46,84,88,5,8.1878544,16.00806
4,47,2,18,17,16.8971742352941,28.99582
4,47,21,32,12,12.32806775,18.84649
4,47,37,40,4,2.3140451,4.37956
4,47,44,49,6,7.93932916666667,17.02396
4,47,56,81,26,10.2604183961538,20.06919
4,47,84,88,5,9.2293014,17.38809
4,48,8,31,24,8.7156540375,26.15812
4,48,35,40,6,3.6957135,8.142042
4,48,43,49,7,9.51351728571429,19.60025
4,48,56,80,25,10.89654672,17.2847
4,48,84,88,5,7.710493,14.83201
4,49,7,29,23,7.84792987391304,27.47717
4,49,34,39,6,8.44468033333333,15.452
4,49,42,49,8,11.3456009875,23.43439
4,49,57,79,23,11.5687303913043,20.12558
4,49,84,88,5,4.9824578,10.37891
4,50,2,13,12,15.9053306583333,26.02097
4,50,15,26,12,7.88512283333333,12.723
4,50,34,39,6,10.5782931666667,19.63676
4,50,42,49,8,13.875856,26.3119
4,50,57,78,22,11.3738279818182,25.61308
4,51,2,12,11,14.2812960909091,24.78191
4,51,15,25,11,8.06414855454545,16.3371
4,51,33,39,7,10.4869831428571,20.8369
4,51,41,49,9,12.7542194666667,25.88188
4,51,58,75,18,14.3263630055556,30.27183
4,51,86,90,5,4.2933796,5.43321
4,52,2,12,11,13.5026666363636,34.55966
4,52,15,24,10,7.2558852,17.26179
4,52,33,39,7,9.56926282857143,17.5696
4,52,41,49,9,13.2790998888889,25.37777
4,52,58,74,17,16.359066,28.67705
4,52,86,90,5,5.1756124,6.901095
4,53,2,12,11,10.7478555363636,30.36866
4,53,15,23,9,7.71969588888889,17.44912
4,53,33,50,18,9.87703177777778,20.81943
4,53,58,73,16,16.7833328125,23.55173
4,53,87,90,4,2.168676275,3.680402
4,54,2,11,10,12.314617863,29.53783
4,54,15,23,9,7.76476177777778,17.76511
4,54,33,50,18,9.18593616055555,19.64813
4,54,58,72,15,16.3438482666667,29.81633
4,55,2,9,8,18.3778622625,31.76267
4,55,15,22,8,7.6550747,17.0017
4,55,34,50,17,9.00815912352941,23.46903
4,55,58,71,14,16.070359,32.36005
4,56,2,9,8,20.705210125,31.67097
4,56,15,21,7,7.695492,16.87323
4,56,33,50,18,8.00224292555555,25.57689
4,56,57,71,15,13.52081882,29.83705
4,56,87,90,4,8.95171345,16.62591
4,57,2,9,8,21.16753365,29.52307
4,57,14,20,7,10.4064192428571,19.18331
4,57,43,51,9,11.7719550333333,23.18273
4,57,57,71,15,12.3590727466667,28.1717
4,57,87,90,4,14.3108915,24.23751
4,58,2,10,9,15.5460641111111,22.51142
4,58,14,20,7,8.42740657142857,16.27831
4,58,43,51,9,7.6512394,15.8114
4,58,56,74,19,8.86978351052632,27.72612
4,58,86,90,5,13.02135028,27.8243
4,59,2,11,10,10.21524427,17.27143
4,59,12,20,9,5.74441358888889,13.08793
4,59,43,51,9,3.92463813333333,8.612336
4,59,55,75,21,7.50820377380952,23.54512
4,59,86,90,5,13.5581652,29.72982
4,60,2,20,19,7.00911378947368,14.37737
4,60,28,75,48,3.53669397329167,17.45832
4,60,83,90,8,7.691793575,25.31784
4,61,2,20,19,6.80516040526316,18.30086
4,61,28,34,7,3.67203632857143,8.221673
4,61,37,75,39,3.72678373589744,13.23177
4,61,81,90,10,6.28002363,17.68022
4,62,6,20,15,8.37572006666667,22.38714
4,62,27,33,7,5.37989915714286,10.46332
4,62,37,48,12,3.28973505,7.993395
4,62,55,75,21,5.45754246285714,15.84706
4,62,81,90,10,5.94084821,11.73669
5,1,36,45,10,9.87012387,21.21586
5,1,61,77,17,8.69161247058824,29.6124
5,2,22,29,8,2.0879355375,5.286149
5,2,34,45,12,10.1547169333333,22.08874
5,2,66,77,12,13.4950011666667,30.00535
5,3,21,29,9,4.62644792222222,10.49889
5,3,34,45,12,11.8371660833333,21.3019
5,3,57,63,7,6.61006057142857,11.30739
5,3,66,78,13,14.1872404461538,30.03519
5,4,12,28,17,5.220587,16.14634
5,4,34,45,12,12.5846764166667,17.83404
5,4,54,63,10,9.96254261,20.14688
5,4,66,79,14,14.9719172428571,33.60606
5,5,3,28,26,5.06780654230769,20.34869
5,5,34,46,13,10.3314276923077,20.04857
5,5,53,63,11,12.3207910818182,26.11897
5,5,66,73,8,12.46112055,27.39732
5,5,75,79,5,21.223257,31.71557
5,6,3,28,26,6.91768327307692,23.29976
5,6,34,40,7,10.8177494285714,20.06498
5,6,42,46,5,5.0759782,9.754926
5,6,53,62,10,14.9333665,27.98328
5,6,66,72,7,15.7436012857143,30.73288
5,6,75,79,5,22.0909752,30.809
5,7,3,28,26,8.88798303846154,24.42201
5,7,34,39,6,10.4865188333333,18.74802
5,7,43,47,5,4.840121,11.02244
5,7,53,61,9,16.2508012222222,25.75978
5,7,75,80,6,23.810991,31.91808
5,8,2,28,27,9.94573241481481,23.03319
5,8,34,39,6,7.82749233333333,15.39069
5,8,43,48,6,7.44192333333333,14.40981
5,8,53,61,9,13.5433721111111,21.56506
5,8,75,81,7,23.2336885714286,33.96956
5,9,2,28,27,10.8368629740741,19.13704
5,9,34,39,6,4.662924,10.34976
5,9,44,50,7,8.09337414285714,16.62299
5,9,52,62,11,6.5949219,14.95834
5,9,75,81,7,20.1274602857143,32.50959
5,10,2,28,27,11.6895348888889,21.16595
5,10,35,40,6,2.46111790666667,5.61382
5,10,44,55,12,6.63048730833333,17.07492
5,10,58,62,5,4.5163232,8.246626
5,10,65,72,8,15.001561625,30.0964
5,10,75,81,7,18.3792602857143,31.8468
5,11,3,28,26,12.9907914230769,24.54547
5,11,45,55,11,8.81120913636364,15.52175
5,11,65,72,8,15.893196125,29.09282
5,11,75,80,6,18.6706913333333,29.65025
5,12,2,28,27,13.6376178148148,29.45281
5,12,46,55,10,11.5447087,20.52344
5,12,65,73,9,16.6500922222222,31.41934
5,12,75,78,4,20.45452175,28.94134
5,13,2,25,24,16.58091775,33.47627
5,13,47,55,9,13.9322602222222,26.73523
5,13,65,73,9,17.3240491111111,32.68842
5,14,2,19,18,17.2293521111111,33.44455
5,14,22,25,4,9.64017375,24.70168
5,14,47,55,9,17.1463041111111,31.57834
5,14,65,72,8,16.774457875,30.34288
5,14,87,90,4,24.969965,28.08632
5,15,2,18,17,16.5141007647059,29.23189
5,15,22,28,7,6.16890715714286,24.79868
5,15,47,50,4,16.4258725,29.57056
5,15,65,73,9,13.6884098888889,26.57848
5,15,87,90,4,21.676275,26.09486
5,16,2,28,27,16.3318393703704,33.82969
5,16,47,55,9,19.36655,31.18796
5,16,63,73,11,8.00026936363636,18.0127
5,16,75,78,4,19.7034395,34.75038
5,16,87,90,4,20.90493,25.50543
5,17,2,28,27,16.5928878148148,30.74112
5,17,36,44,9,3.61685313333333,6.263084
5,17,46,55,10,15.47910829,26.90344
5,17,62,79,18,7.95734886666667,34.24012
5,17,87,90,4,22.038165,26.02935
5,18,2,28,27,16.8624358518519,29.40018
5,18,36,44,9,5.65413862222222,11.50761
5,18,47,55,9,13.3669104444444,23.41791
5,18,70,80,11,11.1696334545455,31.08359
5,18,87,90,4,23.9827775,27.04068
5,19,2,28,27,16.7261987407407,29.9408
5,19,35,43,9,7.7914377,15.48386
5,19,48,55,8,13.22724825,23.0574
5,19,61,65,5,10.65154086,18.75073
5,19,70,76,7,9.56209028571429,18.59064
5,19,79,82,4,21.19151825,30.67039
5,19,87,90,4,26.0292825,28.48903
5,20,2,28,27,15.9998224074074,29.94065
5,20,34,43,10,9.4239039,18.10699
5,20,49,55,7,13.7069242857143,23.03253
5,20,61,65,5,11.92961022,19.91499
5,20,71,76,6,14.3793777666667,23.29107
5,20,80,90,11,25.9919913636364,33.18542
5,21,2,28,27,14.3324852962963,24.71749
5,21,33,43,11,10.7305369090909,19.15542
5,21,49,55,7,11.3188537142857,21.25025
5,21,61,65,5,11.2234962,18.52851
5,21,71,77,7,13.4451884285714,24.33912
5,21,81,90,10,25.8526925,33.0233
5,22,2,9,8,7.994290125,15.42474
5,22,11,29,19,14.0220092210526,23.03554
5,22,32,43,12,10.711473425,17.66212
5,22,49,55,7,9.74762757142857,19.72514
5,22,61,65,5,9.88206558,16.20974
5,22,71,77,7,14.7002255714286,24.38031
5,22,82,90,9,25.1810817777778,31.61366
5,23,2,9,8,6.430692875,13.10207
5,23,12,43,32,13.21081340625,26.47276
5,23,49,55,7,9.35757342857143,19.53567
5,23,61,66,6,5.65334316666667,13.67729
5,23,70,77,8,13.8342984125,23.84937
5,23,83,90,8,23.72569625,29.11029
5,24,2,10,9,4.03980718888889,9.668494
5,24,12,43,32,14.869237871875,27.61063
5,24,49,55,7,10.4422705714286,21.00878
5,24,61,66,6,4.97963183333333,11.82359
5,24,70,77,8,15.005634875,23.48114
5,24,84,90,7,20.69883,24.78198
5,25,3,44,42,13.0373933857143,29.0913
5,25,49,55,7,11.8105468571429,23.12284
5,25,61,66,6,3.60594776666667,10.35261
5,25,70,77,8,16.108475125,26.27518
5,25,84,90,7,15.3707101428571,19.80028
5,26,3,28,26,9.99002247307692,29.99549
5,26,34,46,13,11.7979784,27.25738
5,26,47,54,8,11.9012928,23.27427
5,26,62,65,4,5.324358775,9.291477
5,26,70,77,8,15.7898221775,25.36848
5,26,86,90,5,12.79628,14.19467
5,27,4,29,26,10.6138676923077,34.38911
5,27,36,55,20,10.61776286,25.81809
5,27,62,65,4,3.92238725,7.937211
5,27,70,78,9,11.6550342222222,19.16132
5,27,86,90,5,8.0370288,10.00941
5,28,4,29,26,9.45424304230769,34.47992
5,28,37,54,18,11.9081812777778,24.78373
5,28,62,65,4,2.196396,5.784251
5,28,70,79,10,6.92826951,13.01306
5,28,87,90,4,6.80685075,11.67515
6,1,6,22,17,3.29817217058824,8.15728
6,1,32,51,20,5.885257366,15.4618
6,1,54,70,17,7.35561284705882,17.78476
6,1,73,88,16,8.606100356875,17.74766
6,2,2,22,21,4.50466988571429,11.53615
6,2,26,50,25,4.951743972,17.10077
6,2,53,69,17,8.12868298235294,20.8762
6,2,72,87,16,9.1089611125,16.24145
6,3,2,24,23,5.59633708695652,16.43393
6,3,26,36,11,3.08949782727273,8.024861
6,3,40,50,11,7.43131431818182,17.39728
6,3,53,61,9,12.3211135555556,23.61372
6,3,64,87,24,7.16200179166667,17.90156
6,4,2,36,35,5.79345161714286,14.5305
6,4,41,51,11,9.99689526090909,22.82675
6,4,53,60,8,13.04386225,24.35379
6,4,64,89,26,6.46540030769231,12.98223
6,5,2,37,36,5.46100925277778,10.69747
6,5,43,90,48,8.01791216875,26.74262
6,6,2,38,37,6.90150385945946,13.08354
6,6,43,90,48,8.673166125,29.84709
6,7,2,38,37,8.19763062918919,14.76955
6,7,43,88,46,8.88225940217391,31.15703
6,8,2,39,38,8.74044331578947,17.87588
6,8,43,61,19,9.60596703473684,23.23578
6,8,66,88,23,8.40414255652174,18.82575
6,9,2,40,39,9.34598769230769,21.7308
6,9,43,60,18,12.3172487777778,22.80067
6,9,66,82,17,8.55841888235294,15.99084
6,9,84,88,5,3.570871,9.386355
6,10,7,41,35,8.07944152568571,21.06761
6,10,43,59,17,13.3673084811765,27.02317
6,10,66,81,16,7.1049466875,13.07803
6,10,84,88,5,6.4128822,13.5372
6,11,9,41,33,8.64039331515152,22.10874
6,11,43,60,18,13.1531848166667,29.05628
6,11,65,80,16,7.2491770875,11.40284
6,11,83,88,6,9.0671345,19.22448
6,12,10,26,17,13.5692276470588,22.14812
6,12,28,40,13,6.63700053846154,11.57603
6,12,43,78,36,10.8209995555556,32.11961
6,12,83,87,5,9.43140972,15.97135
6,13,11,26,16,16.1075909375,28.22842
6,13,28,40,13,6.77927256153846,11.53467
6,13,42,78,37,11.3071021162162,31.87269
6,13,82,87,6,7.6569211,13.71378
6,14,12,39,28,13.1326366785714,29.12582
6,14,41,87,47,9.71873107680851,28.08238
6,15,11,39,29,14.1166336068966,27.68121
6,15,42,76,35,8.86954421142857,22.78943
6,15,78,87,10,7.237181115,12.73871
6,16,11,40,30,14.6186635666667,23.67038
6,16,43,51,9,7.57645691111111,16.61373
6,16,53,60,8,2.932527925,6.020343
6,16,65,74,10,7.3215136,12.04316
6,16,79,90,12,4.834503,7.536663
6,17,2,5,4,4.6086705,13.59556
6,17,11,41,31,13.0845139935484,24.6019
6,17,43,50,8,4.0778926375,9.523765
6,17,53,61,9,2.28666384444444,5.30637
6,17,66,72,7,5.10349257142857,9.431725
6,17,77,82,6,2.4822515,6.866082
6,17,84,90,7,7.64249642857143,16.95133
6,18,2,7,6,3.74840472,7.660756
6,18,9,50,42,9.17275573595238,22.22746
6,18,54,60,7,2.72321032857143,4.967091
6,18,84,90,7,11.9689981428571,17.31547
6,19,2,41,40,10.749499325,18.41285
6,19,44,61,18,2.67431544666667,6.176032
6,19,68,79,12,2.93790391666667,5.375782
6,19,83,90,8,12.8768685,20.37788
6,20,2,40,39,11.2795745487179,21.87213
6,20,43,61,19,4.62899586842105,9.720334
6,20,67,78,12,7.82645685,13.26173
6,20,82,90,9,10.0950560666667,20.18714
6,21,2,25,24,10.8163616125,22.50602
6,21,28,49,22,9.181672025,18.48848
6,21,53,61,9,3.00476877777778,5.392671
6,21,66,76,11,8.09951442727273,14.34423
6,21,80,88,9,9.42472255555556,16.58156
6,22,2,51,50,12.136066574,23.6459
6,22,53,61,9,3.45390882644444,6.890273
6,22,66,74,9,7.48899133333333,13.13803
6,22,79,88,10,8.0170727,13.87577
6,23,2,51,50,13.973335944,28.57562
6,23,52,74,23,4.96122965304348,17.39384
6,23,79,86,8,4.657152,9.648439
6,24,3,51,49,13.0256078795918,28.44904
6,24,52,74,23,6.28560699565217,12.46476
6,24,78,85,8,6.039857875,11.28726
6,25,2,73,72,10.0647560138889,23.89921
6,25,78,84,7,5.3966394,11.1288
6,26,2,58,57,10.2324058666667,23.82511
6,26,63,72,10,4.94324852,7.94768
6,26,77,90,14,5.29575067142857,10.97681
6,27,2,69,68,11.2749708161765,35.43701
6,27,74,82,9,6.14288607777778,10.97909
6,27,86,90,5,6.71462086,15.66312
6,28,2,36,35,11.5456193428571,39.21537
6,28,41,47,7,22.88911,40.02277
6,28,51,61,11,10.2039268181818,24.9365
6,28,73,82,10,8.4858774,14.05893
6,28,85,90,6,8.41763519166667,19.29613
6,29,2,39,38,10.2709108157895,33.99347
6,29,44,60,17,17.9573880588235,35.09836
6,29,65,82,18,5.09952635,13.7876
6,29,84,90,7,6.98648871428571,9.718029
6,30,2,5,4,6.683891,16.73791
6,30,7,34,28,8.47333701428571,30.79258
6,30,44,79,36,12.6644841852778,31.35598
6,30,84,88,5,2.8828435,7.138252
6,31,2,5,4,8.53628525,19.99634
6,31,8,39,32,7.827260390625,29.41085
6,31,44,79,36,14.5748046666667,33.25112
6,32,2,5,4,7.7845875,16.59252
6,32,13,40,28,6.399371725,35.65857
6,32,50,56,7,12.9305166571429,27.57029
6,32,59,85,27,11.4700968148148,28.91633
6,33,2,6,5,7.7444252,17.84929
6,33,10,22,13,2.30393041538462,4.557288
6,33,27,39,13,9.5840191,31.21871
6,33,43,56,14,17.0017250714286,35.10678
6,33,58,90,33,8.83528783445455,20.76481
6,34,2,16,15,5.27666166,17.85028
6,34,32,38,7,14.6948298285714,34.22741
6,34,43,56,14,15.4077642357143,30.04718
6,34,58,81,24,8.80783297083333,16.50109
6,34,84,90,7,15.0894285714286,20.82717
6,35,2,15,14,6.63396621428571,15.79234
6,35,21,38,18,8.07314508111111,32.20875
6,35,43,55,13,12.7465796153846,27.3604
6,35,59,90,32,12.55071396875,33.45616
6,36,2,13,12,4.3669717,12.67169
6,36,20,39,20,9.360164445,31.11176
6,36,43,51,9,16.1211023333333,27.21951
6,36,59,90,32,11.8578986875,36.73695
6,37,2,12,11,4.43874224545455,12.24146
6,37,15,27,13,2.26563016153846,5.878932
6,37,32,51,20,14.34167495,29.47921
6,37,57,74,18,4.97824249444444,11.06776
6,37,77,90,14,13.5423641428571,32.85931
6,38,2,27,26,2.21731078615385,8.56705
6,38,32,51,20,9.008963897,26.82777
6,38,56,75,20,5.94581453,11.02569
6,38,77,90,14,12.9171760857143,29.65942
6,39,2,5,4,2.182527075,7.18736
6,39,8,15,8,4.236028175,8.637838
6,39,19,31,13,2.26883242307692,4.475005
6,39,34,51,18,12.5723545611111,26.36609
6,39,56,75,20,7.498846685,17.34654
6,39,78,90,13,15.6349196153846,29.16724
6,40,8,15,8,4.42406275,9.476654
6,40,25,32,8,2.58387291375,5.503663
6,40,34,51,18,14.5732186666667,24.50256
6,40,54,75,22,10.1536039090909,23.99933
6,40,78,90,13,14.844738,41.47874
6,41,8,13,6,3.969698,7.808973
6,41,26,50,25,6.27939266,13.55346
6,41,52,76,25,13.199473784,30.77226
6,41,79,90,12,13.207628,42.70936
6,42,8,13,6,2.85830798333333,7.343777
6,42,33,42,10,4.05917971,8.884315
6,42,44,50,7,4.34119445714286,12.15179
6,42,54,77,24,13.992154375,34.81598
6,42,79,90,12,13.58553275,28.93173
6,43,8,12,5,4.1023647,7.223032
6,43,21,31,11,3.81178224545455,9.058517
6,43,34,49,16,8.8320623125,16.58341
6,43,54,90,37,8.50569962162162,21.03365
6,44,7,12,6,2.27230596666667,7.608431
6,44,18,51,34,5.22830073058824,19.09362
6,44,53,90,38,8.50835622894737,17.13889
6,45,24,38,15,3.511651234,9.709591
6,45,45,74,30,9.37663347333333,19.02944
6,45,78,90,13,11.3566549230769,22.52616
6,46,33,38,6,5.66379316666667,11.02587
6,46,46,74,29,5.92322684482759,10.65343
6,46,78,90,13,9.16267792307692,19.59526
6,47,2,9,8,2.844922225,4.20371
6,47,44,50,7,10.5725651428571,19.16638
6,47,54,60,7,2.521589,3.601113
6,47,78,90,13,6.34978984615385,13.07514
6,48,2,10,9,4.57180198888889,11.42852
6,48,44,51,8,9.278109625,19.58393
6,48,54,60,7,2.28625867142857,5.478043
6,48,66,75,10,4.10252403,7.706077
6,48,78,88,11,3.15233160909091,9.436103
6,49,2,6,5,13.50974518,27.67979
6,49,19,31,13,4.15301926153846,9.38657
6,49,35,51,17,4.71286742352941,17.13127
6,49,54,61,8,3.9026594,7.679302
6,49,65,75,11,7.01397300909091,14.62495
6,49,78,90,13,10.1779870769231,21.02786
6,50,4,10,7,4.90556481428571,19.69439
6,50,19,50,32,9.123346178125,19.4337
6,50,54,90,37,8.2543082054054,20.46807
6,51,2,11,10,11.5770605,37.15121
6,51,20,32,13,4.59047537692308,12.15175
6,51,33,58,26,10.4087158615385,22.47849
6,51,60,78,19,5.94246967978947,11.3235
6,51,83,90,8,10.548838125,19.83315
6,52,2,11,10,9.9799909,31.55169
6,52,19,30,12,3.76376565,10.28956
6,52,34,81,48,8.39506886729167,19.52179
6,52,82,90,9,8.23154201111111,21.05433
6,53,2,10,9,8.299325,25.22329
6,53,19,29,11,5.40958145454545,9.838157
6,53,34,58,25,9.61845672,16.21704
6,53,59,75,17,9.45947214705882,29.99852
6,53,78,90,13,10.6883576923077,25.6448
6,54,2,16,15,8.8070608,21.50998
6,54,20,29,10,5.2184528,8.760885
6,54,34,57,24,7.54843360833333,17.70279
6,54,66,73,8,9.2756737625,18.55917
6,54,80,90,11,8.25145295454545,18.6016
6,55,2,14,13,12.209857,23.13955
6,55,20,29,10,5.1514857,8.401853
6,55,34,37,4,2.47662725,5.158632
6,55,42,56,15,7.39699752666667,20.98244
6,55,67,76,10,8.57322155,18.70149
6,55,79,90,12,6.67551104166667,13.84162
6,56,7,11,5,4.0167688,8.847971
6,56,21,29,9,4.53244596666667,6.894343
6,56,34,39,6,3.52701033333333,6.913301
6,56,44,49,6,9.77644843333333,16.28394
6,56,67,76,10,7.80239137,17.70667
6,56,79,88,10,9.34263437,18.03602
6,57,2,9,8,2.210853025,6.690937
6,57,22,39,18,5.27500887777778,13.75326
6,57,57,70,14,10.7423118714286,28.56491
6,57,79,89,11,10.0382426181818,22.78753
6,58,2,6,5,7.05018892,16.08989
6,58,23,41,19,9.62706526842105,30.93668
6,58,58,72,15,12.2336236066667,34.67228
6,58,79,90,12,8.429086525,20.54522
6,59,2,10,9,9.63512522222222,34.26692
6,59,21,31,11,6.57217769090909,13.58157
6,59,33,38,6,3.92083866666667,8.293967
6,59,52,61,10,10.45946368,44.01806
6,59,77,90,14,7.64736028571429,14.16808
6,60,2,5,4,16.75462675,38.38157
6,60,20,30,11,14.4726331818182,30.01954
6,60,32,37,6,5.97213385,12.18974
6,60,42,49,8,7.1607855,13.91115
6,60,53,62,10,13.3323883,31.19753
6,60,65,73,9,7.05646634444444,27.85608
6,60,77,90,14,9.79990521428571,23.80872
6,61,2,5,4,10.42766525,27.82541
6,61,7,16,10,3.869339,9.997676
6,61,19,29,11,13.2751900909091,26.76582
6,61,34,39,6,11.4370343333333,19.1493
6,61,43,49,7,11.7413162857143,23.18773
6,61,57,62,6,11.8196236666667,32.49985
6,61,66,73,8,6.0395970625,17.7532
6,61,77,89,13,6.49227373076923,13.25257
6,62,7,28,22,9.69682553181818,27.52468
6,62,34,40,7,8.84777828571429,17.04274
6,62,42,49,8,7.33584125,18.77642
6,62,60,63,4,16.73852575,32.57904
6,62,67,73,7,14.21492,25.56846
6,62,77,89,13,10.1860270769231,23.07045
6,63,5,30,26,10.3498801269231,26.5368
6,63,35,40,6,3.47899866666667,7.479125
6,63,43,49,7,8.74712524285714,19.3975
6,63,61,88,28,13.3544697142857,28.03661
6,64,2,31,30,9.07499567666667,21.20881
6,64,35,40,6,2.37815201666667,5.887619
6,64,43,50,8,13.059925375,27.64614
6,64,60,90,31,13.2711105548387,31.03956
6,65,2,16,15,8.18444973333333,15.31152
6,65,18,32,15,8.79406298,18.17899
6,65,43,46,4,17.03713,32.65652
6,65,66,75,10,15.92936762,27.86215
6,65,77,90,14,7.85618066428571,20.62988
6,66,7,30,24,7.580593225,15.12539
6,66,43,46,4,13.56375605,30.28728
6,66,50,55,6,9.34611866666667,24.46191
6,66,60,63,4,20.21938925,35.01727
6,66,66,75,10,14.9399375,23.33253
6,66,78,90,13,8.31961630769231,19.80841
6,67,7,28,22,10.1231125863636,17.78847
6,67,43,46,4,15.4785499,34.58511
6,67,50,55,6,11.9253656666667,27.71329
6,67,60,75,16,14.433079625,25.3465
6,67,77,90,14,8.79433078571429,21.09728
6,68,2,28,27,10.873137,19.69099
6,68,50,55,6,10.7553045,21.724
6,68,61,74,14,13.3838673852143,23.35034
6,68,77,90,14,8.25182778571429,17.94304
6,69,2,27,26,12.8114794615385,20.91463
6,69,43,56,14,15.5560724785714,34.19537
6,69,62,75,14,10.511113,19.302
6,69,78,90,13,8.76772947692308,16.75524
6,70,2,26,25,13.64747116,27.79628
6,70,43,57,15,13.0460571133333,29.5988
6,70,62,75,14,9.51672814285714,16.82224
6,70,78,90,13,8.76943990769231,22.2477
6,71,2,26,25,12.544246988,30.42992
6,71,33,38,6,4.35691238333333,8.606006
6,71,44,50,7,13.3146439,27.39615
6,71,52,57,6,8.69175483333333,17.38167
6,71,62,75,14,11.8522914857143,18.27394
6,71,79,88,10,10.0122964,24.68805
6,72,2,26,25,12.428038576,25.04748
6,72,33,39,7,7.11436328571429,13.76773
6,72,43,50,8,7.9047150675,22.86335
6,72,62,90,29,13.7992307586207,26.3163
6,73,2,27,26,15.9573978076923,30.31122
6,73,33,40,8,7.3050318875,16.12357
6,73,44,50,7,7.32395485142857,18.61746
6,73,62,88,27,10.2802199966667,23.18714
6,74,2,27,26,14.0350393461538,26.65228
6,74,33,40,8,8.2049827625,17.4328
6,74,44,57,14,8.43365336428571,26.26088
6,74,63,70,8,8.22245975,15.23795
6,74,79,88,10,11.8890958,22.00219
7,1,2,6,5,3.06478158,7.423032
7,1,16,36,21,13.177656647619,28.06177
7,1,38,67,30,11.3697152133333,31.93865
7,1,73,79,7,5.50418367142857,12.92838
7,2,7,37,31,7.84804588806452,20.07157
7,2,39,52,14,12.2079019928571,35.59855
7,2,55,67,13,10.80643,25.73396
7,2,73,80,8,2.81319575,7.102135
7,3,4,47,44,6.73980627613636,35.62635
7,3,55,67,13,13.6434141538462,26.56779
7,3,75,81,7,4.40715655714286,10.79173
7,4,10,30,21,8.45796322857143,16.43118
7,4,33,39,7,6.79552337142857,11.88542
7,4,43,46,4,15.036919875,31.03607
7,4,55,69,15,15.5033591933333,31.46704
7,4,78,81,4,6.201895,12.38968
7,5,10,29,20,9.8107071,19.98072
7,5,34,45,12,11.0505483666667,29.73058
7,5,56,69,14,19.0817320785714,33.0711
7,6,10,18,9,12.331555,24.27555
7,6,20,28,9,9.02955385777778,17.27335
7,6,35,45,11,17.940182,41.43876
7,6,56,64,9,19.7257301111111,31.3147
7,7,3,18,16,7.11476678125,22.80401
7,7,21,28,8,12.1668077375,25.98857
7,7,35,44,10,20.0276728,32.13589
7,7,56,70,15,20.7187192,31.47346
7,7,79,83,5,9.9945072,20.61169
7,8,4,18,15,8.70283791333333,22.87978
7,8,22,27,6,17.7737333333333,28.13304
7,8,56,71,16,19.297168125,29.43071
7,9,4,18,15,8.66831231333333,20.00519
7,9,21,27,7,17.2837359285714,31.58368
7,9,56,66,11,14.9132612727273,30.31761
7,9,80,84,5,9.2773278,18.56889
7,10,6,18,13,10.3315676846154,22.51366
7,10,21,27,7,12.6608137142857,25.26656
7,10,56,72,17,16.4565218235294,32.25097
7,10,80,84,5,7.93183548,13.79445
7,11,5,18,14,9.27049447857143,22.61886
7,11,21,27,7,10.8830327142857,21.57981
7,11,57,73,17,13.6193757176471,29.62723
7,11,80,86,7,4.30983285714286,8.462797
7,12,4,27,24,8.14099879166667,17.95447
7,12,35,38,4,13.834141175,30.66772
7,12,60,74,15,15.2808328266667,26.09831
7,12,81,87,7,3.08830177142857,6.473502
7,13,4,25,22,8.18984937272727,15.88626
7,13,35,38,4,18.43587625,37.19651
7,13,62,74,13,14.5128371538462,25.74784
7,14,6,24,19,6.59632511052632,20.34322
7,14,35,38,4,21.38387,37.59327
7,14,64,75,12,12.4979022,19.99366
7,15,14,24,11,8.26344529090909,18.35891
7,15,34,42,9,13.4734076666667,25.26629
7,15,64,75,12,14.37717675,21.32498
7,16,15,24,10,3.7367535,7.143101
7,16,27,40,14,8.43189549285714,19.38605
7,16,44,48,5,3.7656412,8.004701
7,16,65,76,12,11.0996048333333,17.63086
7,17,15,38,24,8.54033809583333,30.02968
7,17,42,49,8,4.801588325,11.91868
7,17,58,76,19,6.47335202105263,13.66035
7,18,15,32,18,5.63118059444444,29.81634
7,18,43,49,7,10.996288,19.0033
7,18,59,79,21,8.7241673,19.76398
7,19,27,32,6,17.0451991166667,44.37033
7,19,43,50,8,12.421703375,24.43762
7,19,59,66,8,7.314997375,15.45883
7,19,69,81,13,13.9333361538462,23.87996
7,20,26,31,6,14.3359378333333,40.40769
7,20,44,51,8,12.386438875,23.82099
7,20,59,65,7,7.76465314285714,16.17642
7,20,69,83,15,14.834558,25.1361
7,21,17,30,14,4.56904193642857,29.51699
7,21,45,53,9,11.9790121111111,22.2149
7,21,59,65,7,6.40557242857143,13.84228
7,21,70,84,15,14.73408992,23.01064
7,22,5,10,6,2.33656035,5.034276
7,22,18,30,13,5.84873319230769,32.02418
7,22,45,55,11,12.3634288727273,25.51184
7,22,59,63,5,5.1495248,9.265436
7,22,70,85,16,11.1116790625,23.90487
7,23,5,11,7,2.4351463,4.414883
7,23,18,30,13,6.63223872307692,32.09158
7,23,46,56,11,16.0215732727273,29.5656
7,23,58,62,5,3.55447716,8.508999
7,23,70,86,17,7.57864320588235,15.78278
7,24,5,30,26,5.43875351153846,31.93839
7,24,47,56,10,14.33957831,25.22956
7,24,58,62,5,4.5541966,9.281425
7,24,71,88,18,7.823041,15.10988
7,25,4,30,27,8.33144548148148,32.20917
7,25,47,63,17,7.55670404705882,15.61863
7,25,65,89,25,8.2924279036,19.45508
7,26,4,30,27,11.6573074074074,33.99611
7,26,46,66,21,6.01513384488095,17.83582
7,26,70,88,19,11.3560562947368,26.72144
7,27,4,30,27,13.4001553537037,33.0357
7,27,47,66,20,9.4645354,24.39305
7,27,71,90,20,10.847731095,29.36373
7,28,3,14,12,9.35186591666667,15.88208
7,28,16,34,19,15.0622027368421,30.94127
7,28,38,43,6,2.55041083333333,5.13158
7,28,47,65,19,14.4331865157895,30.26718
7,28,73,90,18,14.5182783722222,31.3863
7,29,2,13,12,10.9359267166667,15.61109
7,29,16,26,11,16.1032872363636,32.81294
7,29,29,33,5,3.559312,11.27538
7,29,37,42,6,2.5208126,5.697826
7,29,48,65,18,16.4539908888889,31.35073
7,29,73,90,18,12.4513335,27.53818
7,30,2,13,12,10.6509325833333,22.85444
7,30,22,26,5,11.0600036,27.91239
7,30,37,41,5,6.03568178,10.39981
7,30,49,64,16,16.338445375,30.07591
7,30,73,90,18,10.3236343722222,24.27731
7,31,5,13,9,15.8125272222222,31.29218
7,31,23,26,4,10.87678975,24.84094
7,31,36,41,6,7.22519783333333,14.52866
7,31,50,64,15,14.3997655333333,28.74848
7,31,75,90,16,12.75600099375,26.86786
7,32,5,8,4,17.407828,29.30496
7,32,24,28,5,9.60633268,26.068
7,32,36,41,6,4.406719,10.66342
7,32,51,60,10,16.7004317,32.17412
7,32,75,90,16,14.497987439375,32.44666
7,33,3,8,6,16.7538736666667,33.52379
7,33,37,41,5,4.883737,9.274614
7,33,52,56,5,17.3509236,31.54821
7,33,78,81,4,20.699073,33.47271
7,33,84,90,7,13.4101545714286,27.34593
7,34,2,7,6,15.63502,29.98877
7,34,23,29,7,9.35571971428571,22.63453
7,34,38,42,5,6.0925104,10.88805
7,34,52,55,4,16.18023475,32.40622
7,34,85,90,6,16.170065,21.71855
7,35,2,7,6,16.4902765,31.73317
7,35,19,28,10,18.5114023,31.7575
7,35,39,44,6,6.39618166666667,12.51756
7,35,52,55,4,16.29088025,34.02971
7,35,77,80,4,17.63046005,36.21711
7,36,20,28,9,18.3499725555556,26.35121
7,36,39,48,10,7.28855955,12.75833
7,36,70,80,11,7.14783840090909,30.90901
7,37,2,6,5,17.224854,29.80337
7,37,20,29,10,8.52334324,14.18645
7,37,39,48,10,9.9854331,19.89494
7,37,68,76,9,5.79597266666667,9.899848
7,37,78,81,4,17.97954625,31.23568
7,38,2,7,6,20.6375916666667,36.69865
7,38,21,31,11,7.29205718181818,16.21772
7,38,41,48,8,14.700966875,26.59022
7,38,53,56,4,18.8634095,34.39986
7,38,68,75,8,7.855066625,13.66951
7,38,78,82,5,16.15857206,33.40346
7,39,2,8,7,15.7922651428571,37.12161
7,39,22,31,10,11.1788696,22.04802
7,39,43,49,7,12.9200407142857,22.45513
7,39,52,59,8,12.9719465,21.606
7,39,68,75,8,7.9451547625,15.26027
7,39,79,83,5,20.1010582,38.96502
7,40,22,34,13,11.00968429,25.70095
7,40,42,57,16,13.4736456875,21.27566
7,40,68,74,7,9.52387657142857,16.38561
7,40,79,82,4,18.70971225,32.18372
7,41,24,35,12,14.248410925,30.71301
7,41,41,45,5,20.14264,36.44015
7,41,66,72,7,13.2495141428571,18.95118
7,42,30,33,4,7.1701822,22.06604
7,42,40,44,5,20.6676234,38.09494
7,42,65,72,8,15.647959,26.07999
7,43,38,43,6,17.6197775,35.58902
7,44,37,41,5,17.2952494,28.9143
7,45,35,40,6,16.5318536666667,30.88124
7,46,23,26,4,16.89597475,32.9535
7,46,30,40,11,19.5490059090909,33.9766
7,46,81,85,5,18.8764402,34.07223
7,47,21,39,19,21.7713108473684,34.14145
7,47,75,78,4,8.34559075,15.22925
7,47,80,85,6,14.3220346666667,29.01668
7,48,19,40,22,20.7426812272727,30.47876
7,48,75,85,11,19.4470509090909,35.47422
7,49,3,12,10,19.0631299,30.75852
7,49,18,34,17,17.9392019058824,32.63292
7,50,2,11,10,17.6013913,30.6154
7,50,57,62,6,18.2166203333333,32.6915
7,51,56,70,15,17.9568156666667,27.36826
7,51,83,90,8,24.14162625,28.43577
7,52,55,71,17,15.2300305294118,28.12726
7,52,83,87,5,22.528528,30.13852
7,53,59,71,13,11.8470751538462,24.24121
7,53,83,87,5,21.755058,30.83175
7,54,64,71,8,12.44814165,18.37134
7,54,83,90,8,16.2247325,27.61817
7,55,65,72,8,6.5433775,10.27827
7,55,74,77,4,15.27454675,31.86168
7,55,84,89,6,15.8602568333333,27.49509
7,56,16,22,7,17.3984515,27.48609
7,56,29,32,4,22.700766,34.08849
7,56,51,59,9,12.1013432222222,22.60674
7,56,65,77,13,6.60621693076923,29.15338
7,57,15,22,8,14.388552125,22.32776
7,57,51,56,6,11.9296393,20.69434
7,57,74,77,4,13.8032431,28.88511
7,57,83,87,5,8.3238944,21.6057
7,58,15,21,7,16.2569518571429,23.40569
7,58,50,54,5,15.9637196,24.31143
7,58,70,77,8,8.42938971875,31.92242
7,59,15,21,7,15.3607736,24.15145
7,59,69,77,9,9.56601977777778,31.15625
7,59,87,90,4,4.89431225,7.264321
7,60,15,21,7,11.3885662857143,20.89945
7,60,61,65,5,3.40937012,8.711176
7,60,69,78,10,12.3367224,37.17165
7,60,82,90,9,11.2029072632222,20.24453
7,61,16,21,6,14.5792723666667,23.95659
7,61,61,65,5,3.920482,7.980574
7,61,69,78,10,10.4450615,32.73597
7,62,16,21,6,6.21854333333333,14.38081
7,62,61,65,5,3.3264754,6.770188
7,62,70,90,21,13.9523569809524,32.28991
7,63,60,64,5,3.5643174,7.327339
7,63,71,90,20,14.4478126,28.83905
7,64,16,26,11,4.27621018181818,9.83406
7,64,59,69,11,6.22754662727273,13.89652
7,64,71,86,16,15.0883083125,30.22897
7,65,15,26,12,8.95009675,23.56451
7,65,36,43,8,14.5261245,24.4077
7,65,49,53,5,12.4848878,22.46512
7,65,58,70,13,8.52223135384615,16.52417
7,65,72,86,15,12.9816899333333,26.18736
7,66,15,22,8,15.66920925,30.4173
7,66,34,44,11,14.0727999090909,28.38101
7,66,57,70,14,9.12425407142857,19.97911
7,66,73,85,13,12.6167621538462,20.99694
7,67,15,21,7,20.791629,32.36659
7,67,65,70,6,8.137379,16.33749
7,67,74,84,11,12.5764546363636,24.36595
7,68,14,20,7,17.6804115714286,32.93113
7,68,57,61,5,15.25905898,26.05478
7,68,66,70,5,6.7370958,13.80436
7,68,74,84,11,14.0150195454545,29.93471
7,69,15,19,5,17.1078848,32.45242
7,69,65,70,6,6.34655133333333,13.03893
7,69,74,83,10,18.1516806,33.37081
7,70,16,19,4,20.71384925,33.92518
7,70,30,34,5,11.7935132,21.27657
7,70,56,61,6,14.4136471666667,26.88044
7,70,64,70,7,10.0518492857143,17.7305
7,70,74,77,4,19.98971775,32.03802
7,71,10,13,4,2.47110115,6.6544
7,71,17,25,9,17.2174501111111,30.73287
7,71,29,34,6,9.03718466666667,17.33579
7,71,56,61,6,10.225016,20.85578
7,71,64,84,21,13.130264052381,30.77001
7,72,10,14,5,7.8800836,14.7898
7,72,17,24,8,16.36532625,30.56406
7,72,29,34,6,5.2438945,10.26666
7,72,38,44,7,13.904006,28.28422
7,72,54,60,7,6.72077062857143,17.11877
7,72,64,78,15,11.5473438,32.98102
7,73,10,15,6,9.574446,18.75488
7,73,17,23,7,11.4101044285714,23.28631
7,73,29,34,6,2.60391513333333,7.016525
7,73,39,44,6,10.2530526666667,18.12474
7,73,53,59,7,3.02844897142857,7.628473
7,73,65,78,14,11.1595465,31.78755
7,74,10,15,6,10.4386286666667,20.89266
7,74,18,22,5,7.1857872,14.81352
7,74,29,34,6,4.510293,8.396856
7,74,39,45,7,5.32946914428571,13.87615
7,74,70,79,10,16.8865334,36.13664
7,75,10,14,5,14.3947848,22.33287
7,75,19,22,4,3.234924,8.153999
7,75,29,34,6,3.05069335666667,7.217372
7,75,39,45,7,6.63862468571429,16.00256
7,75,70,79,10,15.1207602,30.78814
7,76,10,14,5,14.8243898,22.29877
7,76,29,34,6,2.9169531,7.415533
7,76,39,45,7,8.80132801428571,16.87786
7,76,59,65,7,3.93489827142857,8.262374
7,76,70,80,11,15.1346562727273,32.24427
7,77,27,34,8,3.0837524075,7.461986
7,77,39,45,7,7.62467442857143,14.73475
7,77,59,63,5,5.07664662,8.662483
7,77,70,77,8,9.272907875,18.2085
7,77,79,84,6,17.6778158333333,28.90218
7,78,9,15,7,9.97113828571429,17.97815
7,78,27,35,9,2.28321046666667,5.801083
7,78,38,45,8,7.1471789,13.64097
7,78,58,63,6,3.64234183333333,7.543784
7,78,69,77,9,7.04317077777778,14.34073
7,78,79,84,6,14.8104758333333,25.14547
7,79,9,16,8,12.144345375,23.21732
7,79,38,45,8,6.0576838875,11.46015
7,79,59,64,6,4.83793883333333,9.519468
7,79,68,76,9,5.74048913888889,8.774615
7,79,80,84,5,12.5631752,19.5197
7,80,9,16,8,15.700123125,28.65027
7,80,39,45,7,5.34602671428571,10.7283
7,80,59,64,6,3.83522973333333,8.312215
7,80,67,74,8,4.63103065,8.593835
7,80,80,85,6,7.598242,16.12718
7,81,39,45,7,10.0097640857143,18.90422
7,81,59,64,6,4.87878428333333,10.23523
7,81,67,73,7,6.43429324,11.33869
7,81,77,85,9,6.16776476888889,16.52466
7,82,23,33,11,2.16851169090909,5.699775
7,82,40,46,7,15.8399812857143,29.74269
7,82,52,56,5,2.98877468,5.989201
7,82,60,64,5,2.03633038,4.956587
7,82,66,73,8,7.83942888,14.76224
7,82,77,86,10,2.47330572,9.250554
7,83,23,35,13,2.8915054,7.63128
7,83,61,73,13,6.55663661538462,15.39604
7,83,77,81,5,3.4478082,8.00704
7,84,10,16,7,17.9150136,29.72826
7,84,22,35,14,4.87315324285714,12.25751
7,84,53,57,5,3.4699154,8.161688
7,84,62,73,12,6.359821825,15.00657
7,84,77,81,5,11.1996288,20.01917
7,84,85,89,5,10.610999,33.56456
7,85,10,17,8,12.67782625,24.33697
7,85,27,35,9,7.92839777777778,15.41967
7,85,53,57,5,4.743041,9.875971
7,85,63,73,11,9.47975660909091,17.18494
7,86,10,22,13,8.39514357692308,21.98249
7,86,28,35,8,6.953123625,13.82613
7,86,40,46,7,13.0313944285714,27.31086
7,86,53,57,5,5.1035224,10.67505
7,86,62,73,12,9.2594784,17.98502
7,87,9,22,14,7.3495664,18.11826
7,87,28,35,8,5.1193963875,11.77064
7,87,41,47,7,11.8729524285714,22.46876
7,87,53,58,6,4.54358766666667,12.06096
7,87,62,74,13,6.29981640769231,15.53821
7,87,76,81,6,14.3817405,29.90017
7,88,7,22,16,8.2678384625,20.51761
7,88,29,35,7,5.74209271428571,12.37698
7,88,41,48,8,8.1105200625,15.30899
7,88,52,58,7,5.30262385714286,11.24444
7,88,65,74,10,6.41237272,16.21441
7,88,77,81,5,11.6848306,22.34625
7,88,85,90,6,13.5804175,31.06816
7,89,6,21,16,7.84211812125,19.11264
7,89,30,34,5,4.82349122,8.031992
7,89,41,49,9,4.38357293333333,8.774189
7,89,54,59,6,4.3197075,9.641187
7,89,66,73,8,7.79263015,15.63181
7,89,77,81,5,8.0041886,15.73594
7,89,84,90,7,7.60155071428571,21.57074
7,90,6,20,15,6.82662684,19.52479
7,90,53,59,7,3.69416691942857,9.692635
7,90,66,74,9,4.46140295555556,10.47794
7,90,77,82,6,4.70648726666667,11.30996
7,90,84,90,7,3.17457022857143,12.46083
7,91,13,20,8,8.46305775,19.54194
7,91,53,59,7,2.35659125714286,6.037823
7,91,65,74,10,4.1868913,8.110122
7,91,77,86,10,2.45517183,7.495518
7,92,14,19,6,12.8792845,20.87015
7,93,2,8,7,3.8076998,8.2699
7,93,14,19,6,9.39454955,17.0651
7,93,66,81,16,2.4547155375,4.876517
7,94,2,9,8,8.93120875,15.36632
7,94,15,19,5,6.7522532,12.02871
7,95,2,10,9,11.9643736666667,20.69562
7,95,15,19,5,4.6762594,10.19216
7,95,32,46,15,2.07018077266667,4.691833
7,96,2,10,9,15.5427891222222,20.49816
7,96,15,19,5,4.4846564,9.373754
7,96,35,47,13,2.97205569230769,6.377696
7,97,2,11,10,15.003269,21.87277
7,97,60,73,14,2.47204049428571,6.837953
7,97,77,90,14,2.12494414428571,5.256063
7,98,2,11,10,14.4427153,20.23522
7,98,59,73,15,2.330935124,7.739401
7,98,78,90,13,5.33482561538462,7.63895
7,99,2,12,11,10.9845927454545,18.03403
7,99,57,73,17,2.56911441176471,5.535785
7,99,78,90,13,6.94371954615385,9.601108
7,100,2,12,11,9.01227336363636,16.90871
7,100,44,52,9,3.05959251888889,6.166452
7,100,56,69,14,2.05540347878571,6.40745
7,100,77,90,14,6.91382686428571,13.00341
7,101,2,13,12,6.11932560833333,13.87994
7,101,44,52,9,4.24328167777778,8.109505
7,101,60,67,8,3.050653875,6.167162
7,101,77,90,14,5.92941761428571,9.470573
7,102,2,20,19,3.77712323157895,11.90574
7,102,23,28,6,3.30985078333333,6.735184
7,102,45,65,21,3.11626710952381,8.982975
7,102,77,90,14,5.32283847857143,7.914529
7,103,4,20,17,3.07315807647059,8.588775
7,103,23,31,9,3.7127879,9.338927
7,103,45,65,21,4.08513898066667,11.90067
7,103,71,90,20,4.44348502,9.563451
7,104,5,12,8,3.0869407125,7.043221
7,104,14,32,19,5.29764441947368,13.72252
7,104,44,52,9,3.10507966666667,6.544864
7,104,57,67,11,3.20894938727273,7.975089
7,104,70,90,21,3.13728855,6.371437
7,105,23,33,11,11.5501809090909,23.23606
7,105,58,90,33,2.5030839869697,8.473825
7,106,14,20,7,2.4404062,4.129526
7,106,23,33,11,12.3766444363636,29.59816
7,106,79,90,12,2.36912528166667,5.273229
7,107,13,21,9,2.61647182222222,5.52377
7,107,24,33,10,10.97987212,26.18092
7,107,60,75,16,2.316384425,4.33759
7,107,79,87,9,2.98013314444444,5.518673
7,108,13,21,9,2.50643101333333,5.246879
7,108,25,34,10,9.706460648,23.8182
7,108,42,47,6,2.59944441666667,5.318846
7,108,60,75,16,2.90639016875,6.736616
7,108,80,87,8,3.858875675,6.39846
7,109,25,34,10,9.074186844,20.7784
7,109,42,47,6,2.86742655,5.797746
7,109,60,75,16,2.21947990625,4.707145
7,109,80,87,8,2.71759935,4.326734
7,110,6,35,30,2.67936737666667,11.82877
7,110,60,74,15,2.41867219333333,4.337073
7,111,15,35,21,3.88075235238095,8.092227
7,111,42,51,10,3.57334677,7.046686
7,111,60,74,15,3.33803336,6.762569
7,111,79,86,8,2.4924744,5.469033
