"cellIndex","windowIndex","frameIndex","termination","Duration","avgSpeed","maxSpeed"
1,1,2,5,4,-2.8463355,1.043211
1,1,14,32,19,-3.62531612631579,-0.3711571
1,1,41,48,8,-3.1926244375,1.026993
1,1,63,73,11,-5.31368963636364,1.716954
1,2,2,6,5,-3.68936174,3.673723
1,2,18,30,13,-5.80198456923077,-0.3978094
1,2,40,48,9,-5.60282294444444,1.058127
1,2,58,72,15,-2.93232320666667,0.6912931
1,3,2,5,4,-4.0795078,0.2695728
1,3,18,30,13,-6.20791177692308,0.5759571
1,3,40,48,9,-5.75496794444444,0.6217905
1,3,56,70,15,-2.37975797333333,0.1527947
1,3,85,89,5,-3.3056564,-1.832954
1,4,17,29,13,-4.59709916230769,0.06461389
1,4,41,48,8,-3.877291525,0.2469268
1,4,61,67,7,-2.54252034285714,-0.3103234
1,4,84,89,6,-2.311753,-1.739365
1,5,17,28,12,-3.05715751583333,0.06549481
1,5,32,36,5,-2.5396542,0.794782
1,5,61,77,17,-2.54658873576471,-0.006566508
1,6,33,56,24,-2.72969148791667,1.814296
1,6,63,82,20,-2.4205307205,0.02731899
1,7,34,56,23,-4.10559149130435,2.324393
1,7,64,69,6,-2.86762581666667,0.2540788
1,8,36,46,11,-5.8876085,-0.3716225
1,8,64,70,7,-3.12412667667143,0.0004062633
1,9,38,46,9,-5.5102661,1.007963
1,9,62,69,8,-3.78968434125,-0.07667013
1,9,74,81,8,-2.3646101625,1.082919
1,10,17,25,9,-4.72594581111111,1.485619
1,10,30,34,5,-5.70933688,0.7823986
1,10,39,47,9,-3.2373066,0.6671576
1,10,52,59,8,-2.5494728375,0.1367975
1,11,18,35,18,-3.03072998333333,3.195198
1,11,41,49,9,-2.25084938888889,1.431075
1,12,2,8,7,-4.17708097814286,-0.009492847
1,12,18,36,19,-3.25245681052632,1.483031
1,12,44,50,7,-2.74083304285714,0.1860377
1,12,67,75,9,-4.42259325555556,0.5116727
1,13,2,9,8,-4.7482885,1.196942
1,13,17,36,20,-3.7579551975,-0.02583895
1,13,66,75,10,-3.829009758,0.05360542
1,14,2,10,9,-4.347433,1.131157
1,14,17,33,17,-3.62764012294118,0.01454901
1,14,56,63,8,-2.9346354875,0.9240871
1,15,2,10,9,-7.21922351111111,-0.5542206
1,15,18,32,15,-3.53288948,0.2302788
1,15,53,64,12,-2.34077003333333,0.9818706
1,16,2,9,8,-9.300474625,1.245036
1,16,17,29,13,-2.5516276,0.3511551
1,16,49,59,11,-2.81241446636364,0.03988497
1,16,86,89,4,-2.738619,-1.334254
1,17,2,8,7,-10.9750037142857,1.42246
1,17,48,58,11,-2.95021718181818,0.287458
1,17,62,77,16,-2.34183353125,-0.3525214
1,18,2,8,7,-7.37127068571429,1.466161
1,18,47,57,11,-2.90364785454545,0.7359193
1,18,63,77,15,-2.95611551333333,-0.1950167
1,19,2,15,14,-2.35463989928571,0.04866218
1,19,28,37,10,-4.22329908,1.801455
1,19,47,57,11,-2.49192948181818,0.3104551
1,19,64,79,16,-2.5281423480625,-0.006803469
1,19,84,89,6,-2.33024588333333,-0.4783043
1,20,29,37,9,-7.11376742333333,-0.09848381
1,20,51,58,8,-2.301432,0.6796997
1,20,85,89,5,-3.1687002,-1.458909
1,21,29,38,10,-6.87857825,0.4721835
1,21,85,89,5,-3.6129786,-1.058629
1,22,18,24,7,-2.49385835714286,0.6058745
1,22,29,38,10,-5.02636526,1.113583
1,22,43,49,7,-2.06857564571429,-0.04005252
1,22,86,89,4,-4.10232425,-2.057049
1,23,14,24,11,-4.69070446363636,0.3640949
1,23,31,37,7,-3.3538362,1.377697
1,23,41,50,10,-3.77567226,-0.2356084
1,24,12,23,12,-4.65035633333333,1.952015
1,24,40,57,18,-4.12946369444444,-0.2140119
1,25,2,23,22,-3.83154264090909,0.3126369
1,25,38,56,19,-5.12369028421053,-0.137834
1,26,5,11,7,-5.17274091428571,1.001903
1,26,15,26,12,-2.709342325,0.2626223
1,26,36,49,14,-7.83513177142857,-0.4089838
1,27,5,10,6,-5.107742,1.939138
1,27,17,28,12,-2.17407043333333,-0.2981882
1,27,32,48,17,-4.87693451176471,-0.2254431
1,27,66,73,8,-2.643404545,0.06583664
1,28,14,27,14,-2.56505841428571,-0.3323685
1,28,32,48,17,-3.9401513,0.5029039
1,29,14,25,12,-4.003688975,-0.2943367
1,30,9,12,4,-2.479470825,-0.1760553
1,30,14,26,13,-2.48821015384615,-0.2922416
1,33,25,36,12,-2.20098806666667,0.1869232
1,34,7,23,17,-2.48696468941176,0.1786014
1,34,29,36,8,-2.780677,-0.2773114
1,35,2,22,21,-4.81669013809524,0.584522
1,35,31,37,7,-3.74358892857143,-0.1873505
1,36,2,11,10,-7.10619044,1.100107
1,36,16,22,7,-2.35152225714286,0.9367104
1,36,32,37,6,-2.9814726,-0.3068276
1,37,17,22,6,-2.22386225,-0.2465105
1,38,55,61,7,-2.47222638771429,0.002876286
1,39,11,21,11,-3.97607329090909,-0.3779552
1,39,56,62,7,-2.29592801428571,0.8138563
1,40,11,22,12,-4.82534083033333,0.002537736
1,40,57,62,6,-2.22099160666667,0.04966636
1,41,10,20,11,-5.63626986363636,0.184625
1,42,9,19,11,-3.65667772090909,0.05435247
1,45,5,18,14,-2.24585777142857,0.012652
1,46,14,18,5,-2.1291349,-0.2056425
1,49,7,12,6,-2.18484545,-0.3516747
1,51,8,19,12,-2.046466025,0.1264097
1,52,16,19,4,-2.43695855,0.2566718
1,52,35,43,9,-4.53916501111111,0.1141949
1,52,69,75,7,-3.42405742857143,1.277782
1,53,2,11,10,-2.82527687,-0.1214777
1,53,15,20,6,-4.61448783333333,3.850552
1,53,24,29,6,-2.49938866666667,-0.3677494
1,53,34,42,9,-6.86238954444444,1.175946
1,53,69,74,6,-4.67184263333333,-0.2148728
1,54,2,11,10,-2.28785769,0.3524041
1,54,15,20,6,-4.82447183333333,4.11089
1,54,24,29,6,-2.62093873333333,0.8993006
1,54,35,42,8,-7.47035375,4.084074
1,54,47,51,5,-2.701712,0.655425
1,54,69,74,6,-3.91192958333333,0.3799925
1,54,79,83,5,-2.55340762,-0.3570311
1,55,24,27,4,-2.4950495,1.1789
1,55,34,42,9,-3.07938026666667,5.069443
1,55,48,52,5,-3.71545968,0.4961876
1,56,73,84,12,-2.45456390416667,0.01531915
1,57,28,33,6,-3.13654101666667,0.3565779
1,57,45,51,7,-2.70072515714286,-0.3278065
1,58,28,33,6,-2.83174701666667,-0.1279731
1,58,46,49,4,-2.073376925,-0.4459017
1,59,21,24,4,-2.2160186,0.6586396
1,59,56,60,5,-2.28746646,-0.4718443
1,59,68,77,10,-2.16756969,0.6243254
1,60,45,50,6,-2.22014996666667,-0.3389748
1,60,67,74,8,-3.7117858710625,0.0009205315
1,61,44,60,17,-2.3284576,1.325914
1,61,67,73,7,-3.53390394285714,-0.2335466
1,62,38,60,23,-2.96239845217391,0.6164371
1,62,68,73,6,-2.14173453166667,0.01894181
1,62,82,89,8,-2.07376864625,-0.03952717
1,63,39,44,6,-2.44354598333333,1.171592
1,63,48,53,6,-2.97364246666667,-0.2530725
1,63,81,89,9,-2.48126171111111,0.8748076
1,64,58,64,7,-3.05916174285714,1.020758
1,64,82,89,8,-2.6463325,-1.20523
1,65,30,35,6,-2.53194995,0.8229943
1,65,49,53,5,-2.0650323,2.297111
1,65,84,89,6,-2.61909676666667,-0.5031296
2,5,37,43,7,-2.07671997142857,-0.2508862
2,6,36,41,6,-3.52759366666667,0.766294
2,6,60,65,6,-2.20567645,0.5734178
2,7,60,66,7,-2.1559503,1.341381
2,8,61,66,6,-2.7729701,0.6472514
2,17,48,55,8,-2.6588420375,1.579552
2,17,60,65,6,-2.04058265,0.4361432
2,18,46,55,10,-5.08203105,2.557548
2,18,59,66,8,-3.8554978375,0.4274713
2,19,46,55,10,-10.1113991,3.076289
2,19,60,66,7,-4.76415878571429,0.9158755
2,20,60,67,8,-4.463064,1.161514
2,21,62,68,7,-4.17940467142857,0.0581873
2,22,33,36,4,-2.861862,0.463366
2,22,48,56,9,-15.99304333,0.05807103
2,22,64,70,7,-3.35628998571429,1.772716
2,23,32,37,6,-3.82455283333333,3.921956
2,23,48,57,10,-18.8827816,1.455723
2,23,66,70,5,-2.4078564,1.341311
2,24,65,70,6,-3.65783166666667,2.137705
2,25,74,82,9,-5.67213144444444,1.945285
2,26,31,37,7,-9.59752471428571,5.173331
2,26,55,60,6,-8.5556325,2.494145
2,26,75,83,9,-8.85446966666667,5.810855
2,27,32,37,6,-9.5292705,7.809427
2,30,27,31,5,-3.3323198,3.239942
2,30,47,54,8,-10.7571580375,0.5707737
2,30,56,65,10,-15.0587931,11.15651
2,31,59,65,7,-9.86405557142857,7.870072
2,32,29,35,7,-3.06967021428571,3.982453
2,33,32,36,5,-4.3403364,5.867892
2,34,2,8,7,-3.97706537142857,0.2549144
2,35,2,8,7,-10.3801358,0.2673804
2,36,2,9,8,-12.20620882,4.681409
2,36,33,36,4,-2.394335825,0.5212772
2,36,50,53,4,-2.5107815,4.433297
2,37,34,41,8,-10.065051625,4.925334
2,38,36,41,6,-6.7684925,3.537047
2,38,58,61,4,-2.59060475,4.214832
2,41,2,5,4,-5.20482525,1.561239
2,46,18,30,13,-15.4661703307692,8.85986
2,46,38,45,8,-22.273188625,8.725175
2,47,38,46,9,-17.3276001333333,20.25061
2,50,2,6,5,-3.1944416,1.729423
2,51,2,7,6,-3.59072683333333,5.355114
2,52,86,89,4,-8.8735125,5.469321
2,53,86,89,4,-19.990532,-6.937568
2,54,2,8,7,-3.17837891428571,13.85134
2,55,2,9,8,-16.9612602875,12.15856
2,57,2,9,8,-32.26877255,0.6445396
2,58,2,10,9,-29.3804827888889,6.463841
2,61,2,10,9,-35.7894845555556,18.11209
2,62,2,10,9,-32.7770208555556,12.24213
2,63,2,10,9,-32.2112293333333,13.14333
2,64,70,89,20,-4.9643037,47.39075
2,65,64,89,26,-5.20506848076923,42.7936
2,66,2,57,56,-5.29205879464286,57.12155
2,66,65,89,25,-3.79697872,46.62895
2,67,2,39,38,-2.85004531578947,78.32935
2,67,41,49,9,-33.851198,9.315901
2,68,2,49,48,-8.38707070833333,80.44894
2,68,65,70,6,-14.862782,9.609668
2,68,75,89,15,-2.74411146666667,48.86771
2,69,2,49,48,-5.96343772708333,71.85916
2,70,2,49,48,-3.77632364583333,68.11189
2,73,5,10,6,-4.94098995,7.157094
2,73,58,61,4,-2.07815675,7.091169
2,74,2,9,8,-4.532831325,0.2598344
2,74,49,52,4,-3.43525925,4.994783
2,76,36,41,6,-11.1570346666667,3.148958
2,77,2,13,12,-12.14143825,6.140903
2,77,19,26,8,-10.0010599,17.66623
2,78,2,11,10,-4.6949754,3.621636
2,79,2,8,7,-15.8661976714286,0.2444753
2,80,21,24,4,-3.60440325,5.932436
2,82,2,16,15,-3.5744386,37.95268
2,83,2,16,15,-14.0545232666667,35.86758
2,84,2,18,17,-11.1379338235294,31.86819
2,84,25,28,4,-3.67744435,0.6041546
2,85,2,21,20,-3.87310995,39.78377
2,85,25,29,5,-2.4606088,4.868027
2,86,2,21,20,-3.015309,37.14998
2,86,85,89,5,-14.6921162,2.609589
2,87,35,73,39,-3.42210830769231,68.50935
2,87,86,89,4,-9.0473605,-7.657121
2,88,2,13,12,-15.055563,7.363377
2,88,34,73,40,-4.936633005,47.52952
2,89,4,13,10,-12.8129143,1.56962
2,89,35,49,15,-3.29526073733333,16.96872
2,89,53,60,8,-12.78022305,4.208272
2,89,66,74,9,-15.6527277777778,1.197343
2,90,4,14,11,-7.92362388181818,5.026521
2,90,45,49,5,-3.6587632,4.08914
2,90,54,63,10,-12.76648037,14.00677
2,90,67,76,10,-10.59573052,-0.2176022
2,91,5,14,10,-7.0857748,1.251658
2,91,68,78,11,-7.10052541818182,1.378772
2,92,5,14,10,-5.41120322,1.216203
2,93,4,13,10,-5.118593,1.502408
2,94,5,12,8,-4.0865300875,0.5503313
2,95,7,12,6,-3.94471716666667,1.088314
2,95,59,63,5,-4.1555322,5.195331
2,95,71,81,11,-4.67231846363636,0.5925919
2,96,8,12,5,-5.07130762,-0.2302331
2,96,60,64,5,-2.591165,4.398932
2,97,60,65,6,-8.03519916666667,1.523175
2,98,60,66,7,-13.4642715714286,2.40509
2,99,61,67,7,-12.4131618571429,2.342299
2,100,61,67,7,-9.8679632,0.8344676
2,101,62,67,6,-5.42272996666667,0.6611752
2,102,11,23,13,-8.33393151538461,0.2295833
2,102,62,67,6,-3.15224123333333,-0.1436632
2,103,11,23,13,-8.11115246153846,-0.45128
2,103,63,69,7,-2.85948972,0.08673716
3,1,23,29,7,-6.17948071428571,4.949051
3,1,42,49,8,-11.1483237375,0.1743551
3,1,53,60,8,-7.031937625,2.09542
3,1,76,86,11,-10.7649786636364,0.2046067
3,2,25,28,4,-2.260574,1.197262
3,2,42,49,8,-10.912983375,2.156419
3,2,52,60,9,-5.07928618888889,3.38518
3,2,75,86,12,-12.8477865833333,4.686745
3,3,51,60,10,-3.77244773,0.3239557
3,3,73,85,13,-13.1136495384615,7.146879
3,4,41,55,15,-8.986270318,-0.09768177
3,4,75,84,10,-13.4260398,1.647551
3,5,2,7,6,-5.36478843166667,-0.01187059
3,5,41,55,15,-9.9105212,3.252988
3,5,73,86,14,-11.2972352142857,2.596597
3,6,2,7,6,-7.79804633333333,2.238253
3,6,12,18,7,-3.38193409142857,-0.03817364
3,6,43,55,13,-10.0125007923077,4.013804
3,7,2,7,6,-8.4342115,2.998043
3,7,12,19,8,-4.682428375,0.818208
3,7,38,54,17,-5.8939684,1.295683
3,7,77,87,11,-12.2423827272727,2.464861
3,8,2,9,8,-2.8552165375,0.1948544
3,8,11,16,6,-3.53934805,0.3782517
3,8,38,50,13,-10.1656359923077,3.752826
3,8,78,89,12,-10.4671845833333,1.636251
3,9,5,14,10,-2.65632693,3.505431
3,9,37,49,13,-15.1597687076923,0.6213218
3,9,77,89,13,-13.8106466923077,1.189763
3,10,21,25,5,-4.5107154,1.491906
3,10,36,50,15,-14.4634799333333,2.405262
3,10,78,89,12,-12.5979773333333,-7.564644
3,11,5,9,5,-4.6329944,1.898197
3,11,19,27,9,-5.01133533333333,2.947878
3,11,35,56,22,-9.23722723181818,1.423767
3,11,62,66,5,-2.01373436,2.397354
3,11,79,89,11,-9.25766609090909,-2.378871
3,12,5,9,5,-2.68216398,0.7256471
3,12,19,27,9,-4.42688107777778,0.8867751
3,12,35,47,13,-7.83228531230769,-0.03913106
3,12,49,58,10,-5.05369503,0.5243472
3,12,62,66,5,-3.57960044,0.5587008
3,12,79,89,11,-5.35563121818182,-0.1831603
3,13,4,13,10,-4.01457933,0.5045434
3,13,35,46,12,-6.947894975,2.181123
3,13,50,65,16,-4.0879470125,-0.5852043
3,13,80,89,10,-7.6334543,-1.683363
3,14,3,11,9,-6.49008435555556,0.0884025
3,14,35,45,11,-4.86655365363636,0.07496681
3,14,51,64,14,-4.19138079285714,-0.3220988
3,14,82,89,8,-11.071464375,-3.876178
3,15,4,10,7,-4.67294067142857,0.1360713
3,15,51,64,14,-4.4712271,0.1698349
3,15,83,89,7,-15.9477715714286,-4.203341
3,16,31,36,6,-2.89776583333333,3.924197
3,16,41,46,6,-3.87168431666667,0.4194381
3,16,49,63,15,-3.67669362,0.3606397
3,16,83,89,7,-17.7249161571429,0.6409469
3,17,30,35,6,-4.573798,1.358725
3,17,40,46,7,-6.07822747142857,3.163432
3,17,49,54,6,-3.00337301666667,0.1449796
3,17,57,63,7,-2.30249697142857,0.5853452
3,17,84,89,6,-14.7979258333333,-6.654005
3,18,40,46,7,-6.47332642857143,2.404947
3,18,50,60,11,-4.48022546363636,0.3003089
3,18,84,89,6,-6.04690766666667,-2.705754
3,19,41,59,19,-5.79037381052632,-0.2028574
3,19,68,73,6,-4.82732778333333,-0.1870627
3,19,83,89,7,-9.86178771428571,-4.141968
3,20,8,14,7,-4.55454438571429,3.844251
3,20,43,59,17,-9.39618337058823,0.6525177
3,20,69,75,7,-7.87016885714286,3.225841
3,20,81,89,9,-14.1820233077778,0.04348723
3,21,2,9,8,-3.823637735,0.06100752
3,21,34,59,26,-11.2676117307692,1.719738
3,21,70,74,5,-3.7640584,2.79397
3,21,81,89,9,-18.8591886466667,-0.02620782
3,22,2,9,8,-4.41421675,2.023776
3,22,33,42,10,-10.671879,1.016934
3,22,47,60,14,-17.6358757714286,0.3189461
3,23,2,10,9,-5.05119627777778,3.076864
3,23,31,42,12,-16.18957175,3.0776
3,23,49,64,16,-13.15638876,1.710091
3,23,70,73,4,-3.47979925,2.124059
3,24,2,10,9,-4.49396293333333,1.296781
3,24,31,43,13,-18.0551997692308,3.660885
3,24,52,73,22,-12.3510246818182,3.298681
3,25,4,10,7,-3.10879014285714,1.248037
3,25,30,44,15,-16.7719344,5.18301
3,25,54,72,19,-10.6506467842105,0.3113602
3,26,29,45,17,-15.5853550588235,5.719363
3,26,59,71,13,-13.9957903753846,1.285563
3,27,29,46,18,-12.9565615277778,1.457213
3,27,59,69,11,-15.1724437272727,3.631417
3,28,2,21,20,-2.26803128,-0.1031001
3,28,27,48,22,-8.53382594545455,0.8683242
3,28,59,69,11,-23.8790423909091,0.1256587
3,28,71,76,6,-2.18057583333333,3.930531
3,29,2,35,34,-4.90118887588235,-0.08997148
3,29,41,49,9,-3.32873702222222,4.994361
3,29,52,83,32,-3.37928295625,57.42473
3,30,2,24,23,-8.24840408695652,1.372471
3,31,2,10,9,-14.5287494,0.3148154
3,31,13,24,12,-11.112457375,0.7257545
3,32,2,7,6,-7.81028233333333,1.824243
3,32,13,25,13,-9.97690553846154,0.5468824
3,32,38,45,8,-3.5660828125,0.921929
3,32,51,79,29,-5.91973344482759,42.09124
3,33,38,44,7,-6.79472075714286,0.4706097
3,33,55,60,6,-4.7932175,1.243534
3,33,63,79,17,-35.5771798705882,0.1324677
3,35,39,45,7,-5.87574371428571,1.972839
3,36,34,45,12,-5.93726170166667,0.07927858
3,36,69,81,13,-8.57627733076923,5.566929
3,37,13,29,17,-7.5688365,41.18505
3,37,34,46,13,-3.79338492307692,1.733538
3,37,50,61,12,-6.2232015,8.240922
3,37,75,81,7,-11.0730958571429,5.799454
3,38,2,6,5,-5.6111566,1.669616
3,38,17,28,12,-25.4998870916667,0.8255039
3,38,48,59,12,-7.65078340833333,-0.6498902
3,39,2,10,9,-10.1399363333333,3.86962
3,39,18,28,11,-21.9651197909091,0.3700363
3,39,49,58,10,-8.06362135,-0.1816225
3,40,2,9,8,-12.836615875,1.402846
3,40,19,34,16,-10.8285747125,5.592872
3,40,51,58,8,-5.0448869375,0.7525691
3,41,2,9,8,-10.402353125,2.768045
3,41,22,41,20,-5.8843638,2.477621
3,41,52,56,5,-2.2369778,1.11694
3,42,2,9,8,-7.0818675,1.733328
3,42,22,36,15,-5.43918752666667,-0.3348211
3,43,23,33,11,-2.29076531818182,0.5049625
3,43,61,66,6,-3.53733515,-0.5468079
3,43,77,81,5,-5.0703144,4.034349
3,44,12,17,6,-7.9959825,1.440111
3,44,61,65,5,-2.9219198,1.33052
3,44,76,81,6,-4.93343308333333,4.925138
3,45,7,19,13,-10.6594283846154,8.042274
3,45,59,65,7,-4.56655644285714,0.3355339
3,45,77,81,5,-3.4639416,4.248475
3,46,10,28,19,-3.507886426,37.86493
3,46,58,67,10,-6.3537199,2.46472
3,46,76,81,6,-4.55971716666667,2.568458
3,47,58,68,11,-4.49548209090909,1.621294
3,47,74,80,7,-6.97502771428571,1.930645
3,48,58,62,5,-3.8030904,2.824019
3,48,74,79,6,-3.94906353333333,6.110978
3,48,86,89,4,-8.00642195,-0.9713958
3,49,59,63,5,-2.9578506,1.492631
3,49,73,78,6,-5.07138633333333,2.938223
3,49,86,89,4,-5.425606765,-0.07344406
3,50,2,6,5,-2.79570318,0.3274511
3,50,36,40,5,-2.04913658,0.5665081
3,50,61,65,5,-4.4097354,1.464183
3,50,72,78,7,-6.22856057142857,4.491413
3,51,35,41,7,-3.75075114285714,1.490541
3,51,51,55,5,-2.0186748,4.122572
3,51,60,67,8,-11.50957865,0.9069888
3,51,73,78,6,-5.89377133333333,4.953553
3,52,32,42,11,-5.56673543636364,2.055736
3,52,51,56,6,-2.09069458333333,2.457031
3,52,60,70,11,-18.2487693636364,1.496501
3,52,72,78,7,-7.79752101428571,-0.1724501
3,53,51,56,6,-2.72349031666667,0.3581661
3,53,61,89,29,-11.3869876896552,-1.202011
3,54,35,43,9,-8.39119576666667,0.1042261
3,54,51,57,7,-2.74413311428571,4.180594
3,54,64,72,9,-17.1062553888889,1.763151
3,54,75,83,9,-3.069131,0.288923
3,54,86,89,4,-2.04134425,-1.367141
3,55,22,32,11,-19.8508762727273,1.353834
3,55,39,44,6,-5.84364021,-0.04257526
3,55,51,56,6,-3.16183881666667,0.3172041
3,55,78,83,6,-3.40985533333333,1.017813
3,56,50,56,7,-2.46265045857143,-0.02699561
3,56,79,83,5,-3.06078448,-0.4551854
3,57,2,11,10,-5.7541799,2.066324
3,57,27,33,7,-6.51021885714286,3.045699
3,57,40,57,18,-2.89869553333333,0.9267492
3,58,2,13,12,-6.13275016666667,0.4217943
3,58,30,34,5,-4.983796,1.098012
3,58,40,57,18,-2.51046228888889,1.206201
3,59,2,6,5,-8.0776722,2.263886
3,59,30,36,7,-3.95972442857143,1.985997
3,59,70,74,5,-2.29684374,0.5652103
3,60,2,7,6,-3.41633433333333,1.862112
3,60,32,37,6,-3.38221166666667,0.624583
3,60,38,43,6,-2.01291353333333,0.8820077
3,60,46,56,11,-2.02501266909091,-0.01430436
3,60,70,75,6,-2.62299163333333,0.5985807
3,61,3,10,8,-5.7453926375,1.446847
3,61,39,43,5,-2.23932662,0.1236159
3,62,4,11,8,-5.1886406625,0.8470597
3,62,39,55,17,-2.78082534705882,0.3360651
3,62,64,83,20,-2.37699781,0.8688047
3,63,6,12,7,-3.92573357142857,1.198092
3,63,41,55,15,-2.685361042,-0.05194963
3,63,74,83,10,-2.68136904,-0.3465564
3,64,8,13,6,-3.07944888333333,0.5442343
3,64,41,56,16,-3.375517325,0.4935468
3,64,76,84,9,-3.02304083333333,0.7345409
3,65,8,13,6,-2.47717531666667,-0.4001229
3,65,41,53,13,-3.33681206153846,-0.292008
3,65,78,85,8,-2.6257380625,0.9026126
3,66,7,16,10,-2.48036212,0.2900729
3,71,2,15,14,-2.31017515,0.1352519
3,72,2,14,13,-2.03478167692308,-0.4090438
3,74,2,6,5,-2.9421862,-0.101128
3,75,2,12,11,-2.14087000909091,-0.4132555
3,83,9,13,5,-2.265119232,-0.08777816
3,84,7,12,6,-2.62398668333333,0.1120058
3,84,20,26,7,-2.49195378571429,-0.2432142
4,1,14,31,18,-7.55266210555556,0.5606501
4,1,49,56,8,-11.727224575,-0.1605436
4,1,70,81,12,-7.23890513333333,0.4932534
4,1,86,89,4,-4.8764655,-2.11868
4,2,16,32,17,-7.00094684705882,0.1416946
4,2,49,58,10,-9.47454279,-0.3544629
4,2,70,80,11,-7.60435852727273,-0.3591732
4,2,86,89,4,-4.729189375,-0.6160795
4,3,21,38,18,-8.10201798333333,0.6291003
4,3,49,60,12,-7.47288741666667,1.654258
4,3,73,79,7,-5.66558982857143,1.497162
4,4,2,7,6,-9.7963025,2.744096
4,4,22,38,17,-9.86483294117647,2.848976
4,4,48,61,14,-5.5261668,0.9267925
4,4,75,78,4,-2.03557805,2.43804
4,5,2,8,7,-12.3397798571429,12.55618
4,5,22,38,17,-10.1254745882353,3.973412
4,5,48,66,19,-3.26059423157895,5.286574
4,6,2,8,7,-16.8417417142857,6.201453
4,6,23,38,16,-6.2741623125,3.369199
4,6,82,89,8,-3.021554775,-0.7956122
4,7,2,9,8,-15.519362125,3.024243
4,7,23,37,15,-5.92974227333333,-0.5246681
4,7,81,89,9,-4.12025537777778,-0.5322764
4,8,2,14,13,-12.1912604615385,1.951035
4,8,24,37,14,-5.76995804285714,0.7324624
4,8,81,89,9,-4.45831311111111,-1.607044
4,9,2,15,14,-12.7039920714286,2.853
4,9,24,37,14,-6.59205247857143,0.8328953
4,9,62,67,6,-3.38114616666667,1.033398
4,9,71,76,6,-11.6143446666667,2.019094
4,9,81,89,9,-3.30468837777778,0.1011796
4,10,2,15,14,-15.8376489285714,1.800521
4,10,24,36,13,-9.42210298461539,0.9241632
4,10,40,44,5,-2.46236924,-0.2255311
4,10,61,67,7,-2.04778015714286,6.165194
4,10,71,76,6,-11.0809453333333,3.156213
4,10,80,85,6,-4.95026226666667,0.6622499
4,11,2,15,14,-12.1005742142857,4.733093
4,11,23,36,14,-9.80954324285714,4.433643
4,11,40,45,6,-3.43001516666667,3.36817
4,11,61,67,7,-4.35243142857143,2.380162
4,11,70,76,7,-12.6773527142857,1.45865
4,11,80,85,6,-3.63850766666667,2.849218
4,12,2,15,14,-11.4061143571429,3.806895
4,12,22,35,14,-12.1373058571429,2.249063
4,12,40,45,6,-4.27446683333333,5.605336
4,12,60,85,26,-9.82929476923077,2.656325
4,13,2,15,14,-8.89000255714286,5.546449
4,13,20,35,16,-11.71747558125,6.126876
4,13,40,45,6,-3.9217465,6.945057
4,13,60,85,26,-9.75135114615385,0.2016412
4,14,5,14,10,-10.5348781,6.134298
4,14,18,34,17,-11.9416657647059,2.756679
4,14,40,45,6,-2.50562778333333,7.859688
4,14,60,89,30,-11.1091614866667,-0.9230986
4,15,5,13,9,-10.6503807777778,3.193199
4,15,17,34,18,-9.40917488888889,5.091555
4,15,55,65,11,-2.63684328181818,2.259614
4,15,66,82,17,-25.7653776705882,0.3068999
4,15,85,89,5,-4.543911,-1.157779
4,16,6,13,8,-7.677931625,6.736974
4,16,17,33,17,-8.5865428,0.5297214
4,16,55,64,10,-4.20234584,0.1119226
4,16,66,82,17,-24.8214637352941,2.127772
4,16,86,89,4,-2.077199475,-0.6472569
4,17,8,12,5,-3.7113906,0.5946707
4,17,16,33,18,-7.34148140555556,0.5041017
4,17,54,68,15,-3.87170007333333,0.2824312
4,17,73,82,10,-9.89228951,0.3831539
4,18,15,33,19,-6.36646337368421,0.3222799
4,18,55,68,14,-2.21632459285714,9.487314
4,19,8,21,14,-5.38192237857143,3.999196
4,19,55,60,6,-3.56637658333333,0.2973057
4,20,2,13,12,-3.66515905833333,1.872215
4,20,55,60,6,-3.70007853333333,-0.3867302
4,20,76,82,7,-4.217681,2.603898
4,21,2,11,10,-3.814177724,-0.01517224
4,21,55,61,7,-2.71561211428571,0.5412865
4,22,41,46,6,-5.745373,0.616916
4,22,55,60,6,-3.96123233833333,0.05464297
4,22,71,76,6,-13.0725644833333,-0.3311999
4,23,36,46,11,-6.70008822727273,0.1882357
4,23,48,60,13,-3.21426407923077,0.6872288
4,23,71,76,6,-10.2212516666667,6.129656
4,24,5,8,4,-2.16206,1.52601
4,24,12,15,4,-4.2758866,0.9684826
4,24,22,27,6,-2.40340151666667,1.234116
4,24,35,60,26,-5.99995346038462,0.1103318
4,25,4,15,12,-2.48475044333333,4.433066
4,25,34,60,27,-5.84201968148148,-0.4168178
4,25,71,76,6,-6.35943015,8.208321
4,26,2,14,13,-4.053166,0.0424091
4,26,33,43,11,-8.60660893636364,0.5712467
4,26,47,52,6,-2.49166283333333,0.59445
4,26,54,61,8,-4.9395873,1.546859
4,27,2,15,14,-5.70435022857143,4.254473
4,27,32,40,9,-12.3392916333333,-0.2327222
4,27,55,61,7,-6.65947153571429,-0.05374775
4,28,2,15,14,-6.27172507142857,2.085042
4,28,32,39,8,-14.4167790625,0.5571905
4,28,55,62,8,-8.617919125,1.821279
4,29,2,16,15,-6.19964726666667,2.249235
4,29,31,39,9,-9.784096,4.969235
4,29,54,62,9,-9.72410244444444,2.217454
4,30,2,17,16,-7.914528,2.13201
4,30,30,38,9,-4.50923866666667,2.708648
4,30,53,61,9,-9.57667644444444,2.053683
4,31,2,17,16,-8.5739916625,4.563908
4,31,42,47,6,-2.79158056666667,5.272383
4,31,53,59,7,-9.71989228571429,1.020012
4,32,2,8,7,-9.2805673,0.2051569
4,32,11,15,5,-3.47099,1.403738
4,32,25,31,7,-5.99552425714286,3.581677
4,32,40,46,7,-3.33282842857143,1.952288
4,32,52,58,7,-8.01097285714286,3.3173
4,33,2,8,7,-7.07680624528571,0.001331283
4,33,11,14,4,-2.324902625,0.7561965
4,33,24,30,7,-10.6603937428571,1.404189
4,33,38,45,8,-3.7327001,2.151258
4,33,51,57,7,-7.67061971428571,1.155404
4,34,2,14,13,-4.97851052307692,6.079982
4,34,24,30,7,-9.641342,1.052016
4,34,38,44,7,-3.28098885714286,1.179842
4,34,50,57,8,-5.089250375,5.530662
4,34,82,89,8,-5.423539375,-2.57355
4,35,2,13,12,-7.06130558333333,2.637609
4,35,23,30,8,-4.24832845,0.6885844
4,35,48,56,9,-3.70862366666667,1.820834
4,35,62,66,5,-4.6463878,2.539745
4,35,81,89,9,-7.58431888888889,-3.980468
4,36,2,11,10,-5.397964222,-0.06809412
4,36,20,29,10,-6.23696934,0.1960496
4,36,46,51,6,-4.27185635,0.2260039
4,36,80,89,10,-8.4974025,-3.190749
4,37,2,9,8,-4.4427586625,1.90525
4,37,45,50,6,-4.8142525,2.396886
4,37,61,73,13,-3.41168317692308,8.512037
4,37,78,89,12,-7.97732275,-0.902469
4,38,3,9,7,-3.5724431,4.766096
4,38,43,49,7,-2.25508134285714,2.524249
4,38,60,67,8,-8.981194875,3.880138
4,38,86,89,4,-3.762086825,-0.6475323
4,39,3,8,6,-3.72381816666667,2.836741
4,39,13,28,16,-2.32085354375,43.58413
4,39,38,47,10,-5.31918181,2.493105
4,40,2,8,7,-2.32494907142857,5.459307
4,40,13,29,17,-4.50855405294118,36.65411
4,40,38,46,9,-9.73662411111111,4.023613
4,40,61,67,7,-9.77032157142857,5.175086
4,41,2,8,7,-4.5375811,4.81608
4,41,13,29,17,-4.58829017647059,32.34343
4,41,37,45,9,-11.4378567444444,1.249656
4,41,60,66,7,-8.98220357142857,6.098493
4,42,2,8,7,-7.31590735714286,0.7217155
4,42,17,28,12,-7.47655425,1.737649
4,42,37,45,9,-10.9860205555556,4.505006
4,43,2,8,7,-7.86013848571429,0.6272666
4,43,17,22,6,-6.0143186,0.1616724
4,43,36,44,9,-10.4620303333333,1.125723
4,43,58,66,9,-7.02585366666667,6.956048
4,44,2,8,7,-5.71156828571429,11.37849
4,44,15,21,7,-4.64102026714286,-0.04273667
4,44,36,44,9,-11.0245017,0.3406107
4,44,58,66,9,-2.86714638888889,4.706621
4,45,2,7,6,-9.2125575,6.334128
4,45,37,45,9,-9.56930144444445,3.890128
4,46,39,45,7,-12.6722704285714,1.261082
4,46,57,62,6,-4.2628735,1.570824
4,47,39,46,8,-9.671428995,7.27874
4,47,56,66,11,-6.685373,5.804583
4,48,11,20,10,-14.40326691,6.359196
4,48,26,30,5,-2.9234574,3.818555
4,48,40,46,7,-8.66261342857143,5.939529
4,49,10,20,11,-12.7984314545455,5.282573
4,49,25,30,6,-3.94365906666667,4.07949
4,49,41,46,6,-7.9704985,5.340007
4,50,10,19,10,-8.27585538,4.432998
4,50,24,30,7,-6.15633222857143,3.139064
4,50,42,46,5,-6.7353712,3.951421
4,51,8,14,7,-6.67788668571429,0.8183182
4,51,24,30,7,-10.4497917142857,1.504008
4,51,42,47,6,-3.51178563333333,8.593054
4,52,6,12,7,-3.83124538571429,1.84604
4,52,23,30,8,-10.160425625,1.56253
4,52,43,47,5,-3.8016204,2.876199
4,53,4,10,7,-7.710981,2.585417
4,53,21,30,10,-8.22569672,2.329247
4,53,44,48,5,-3.0445508,6.144936
4,54,2,9,8,-12.425828625,5.251161
4,54,17,29,13,-7.11659183076923,0.4138032
4,54,45,49,5,-3.8193012,11.34623
4,55,2,9,8,-14.88369275,10.76417
4,55,16,26,11,-7.71075346363636,-0.167658
4,55,45,49,5,-6.4575926,5.989251
4,55,75,82,8,-7.19003475,9.93016
4,56,2,8,7,-9.01997028571428,5.268897
4,56,16,24,9,-8.18118628888889,0.5487254
4,56,45,49,5,-3.9876612,4.968426
4,56,72,77,6,-5.33612316666667,3.584194
4,57,10,23,14,-5.78688006428571,1.471711
4,58,7,22,16,-6.24350823125,2.608673
4,59,7,21,15,-7.80831653333333,0.2535105
4,59,64,68,5,-4.7959566,14.32047
4,60,8,21,14,-11.4880898821429,0.02141865
4,60,62,76,15,-10.5124372133333,14.13954
4,61,8,22,15,-11.7389329333333,1.010484
4,61,62,68,7,-7.87377428571429,8.765571
4,61,70,76,7,-6.5642213,11.10385
4,62,9,22,14,-12.4887171428571,1.539649
4,63,9,21,13,-15.1229760769231,0.5897311
4,63,59,66,8,-9.588499625,3.924942
4,64,9,21,13,-18.8546711538462,1.491264
4,64,26,30,5,-2.0041246,1.001035
4,65,8,21,14,-19.4151136428571,3.554481
4,65,26,31,6,-3.64169466666667,2.322299
4,65,58,65,8,-12.900112625,3.440748
4,66,8,18,11,-26.1429475363636,0.4635001
4,66,24,31,8,-5.1139855375,0.2319946
4,66,49,53,5,-3.04658794,6.06816
4,66,56,65,10,-9.10302964,5.912111
4,66,73,78,6,-3.33200233333333,1.140938
4,67,6,16,11,-29.0502616363636,1.060704
4,67,20,32,13,-5.87175715384615,1.662881
4,67,48,53,6,-3.68949106666667,5.228509
4,67,55,65,11,-7.03586132272727,7.561176
4,67,71,78,8,-9.53908025,-0.185694
5,1,62,66,5,-2.716822128,0.07259436
5,6,47,51,5,-2.02786364,0.1511518
5,8,47,52,6,-2.14022015,0.1291191
5,9,47,53,7,-2.11672597142857,0.418912
5,10,47,53,7,-2.32066841428571,0.2959141
5,11,47,53,7,-2.4968894,0.5950292
5,12,47,52,6,-2.89271116666667,-0.3048259
5,13,47,52,6,-3.26656998833333,-0.04402933
5,13,77,89,13,-2.22603210769231,-0.5569139
5,14,47,53,7,-3.26690962857143,1.437801
5,14,64,70,7,-2.08745564285714,0.5132111
5,14,74,89,16,-2.66475121875,-0.7727235
5,15,47,53,7,-3.919639,0.413142
5,15,63,70,8,-2.123839975,0.421987
5,15,74,89,16,-3.597619125,-1.318216
5,16,47,54,8,-3.6496615125,0.6039362
5,16,57,70,14,-2.03836520928571,0.05331162
5,16,74,89,16,-4.0970664375,-1.367078
5,17,47,71,25,-2.8804853868,1.099405
5,17,74,89,16,-4.15664059375,-0.9893905
5,18,47,71,25,-3.5518401444,-0.03602251
5,18,74,89,16,-3.89371545,-0.9373982
5,19,2,15,14,-2.00050645357143,-0.05656695
5,19,46,89,44,-3.81499113454545,0.09956408
5,20,39,89,51,-3.92741544313725,-0.2353883
5,21,2,7,6,-2.72377828666667,-0.09612042
5,21,39,87,49,-4.74489194897959,0.8371065
5,22,2,7,6,-2.3141152,0.3240032
5,22,38,71,34,-5.90746910294118,1.031138
5,22,73,87,15,-4.45629115333333,1.681401
5,23,32,70,39,-5.64227287435897,0.582142
5,23,74,86,13,-5.86892657,-0.05310741
5,24,33,70,38,-7.2587473,2.255001
5,24,74,86,13,-5.71716502307692,0.3902948
5,25,12,16,5,-2.0542648,1.91891
5,25,33,70,38,-8.95166027368421,2.257607
5,25,75,86,12,-5.06872604166667,0.8650404
5,26,12,16,5,-2.6693774,2.729381
5,26,20,30,11,-2.11486326818182,0.689796
5,26,34,70,37,-10.3746584351351,1.170609
5,26,76,86,11,-4.76258398181818,0.7250022
5,27,11,16,6,-2.41156606666667,4.168152
5,27,19,23,5,-2.7958075,-0.2892375
5,27,25,30,6,-2.26037766666667,0.7916729
5,27,35,70,36,-12.50487535,0.4900295
5,27,76,86,11,-3.88004605454545,0.140885
6,1,8,15,8,-3.572733475,1.477777
6,1,55,61,7,-3.34652868571429,-0.2578228
6,2,2,5,4,-3.39784525,-0.375836
6,2,9,15,7,-2.57326901428571,1.482076
6,2,32,35,4,-2.11503375,-0.439229
6,2,44,60,17,-3.14712160588235,0.6516902
6,3,2,6,5,-5.86548392,0.2776334
6,3,44,59,16,-2.99528856875,1.308078
6,3,78,83,6,-2.36461041666667,-0.4066615
6,4,2,6,5,-5.2495624,3.341049
6,4,33,36,4,-2.60440175,1.232505
6,4,52,59,8,-3.1529657875,1.456375
6,4,78,82,5,-2.545011,2.159649
6,5,2,5,4,-7.290494825,0.4028437
6,5,42,46,5,-2.153884974,-0.08706457
6,5,78,82,5,-3.0700426,4.305608
6,6,2,5,4,-6.149755475,-0.4363109
6,6,43,46,4,-2.37326795,0.1846572
6,6,77,82,6,-3.99982563333333,3.516027
6,7,2,5,4,-9.235920725,0.2242671
6,7,52,57,6,-2.65976866666667,1.123949
6,7,76,82,7,-4.09246211428571,0.4474632
6,8,2,6,5,-11.68385514,9.218257
6,8,52,57,6,-5.5151805,0.695324
6,8,75,81,7,-3.83933471428571,1.324024
6,9,2,6,5,-14.36588246,12.78089
6,9,52,57,6,-3.66056413333333,0.4949651
6,10,2,5,4,-5.854602,8.865069
6,10,64,72,9,-2.71721912222222,-0.3374643
6,11,2,5,4,-3.35923295,7.876376
6,11,20,26,7,-2.38096231428571,-0.0990172
6,11,63,74,12,-3.7493637,0.984705
6,12,22,26,5,-2.25753404,-0.2575412
6,12,64,76,13,-2.98229568461538,-0.0921699
6,13,43,46,4,-2.2488731725,0.04591131
6,13,56,76,21,-2.12608525790476,-0.003954816
6,14,2,18,17,-4.13592157058824,-0.0686637
6,14,55,64,10,-5.08608559,-0.2637869
6,14,70,77,8,-2.0982178375,0.6513514
6,15,55,65,11,-5.93847427272727,1.094749
6,15,71,78,8,-3.6717757325,0.04446714
6,16,23,31,9,-3.49420378888889,0.9000605
6,16,55,65,11,-7.93579187272727,-0.3005376
6,16,71,79,9,-6.05389555555556,1.115017
6,17,22,31,10,-7.62209385,-0.3559125
6,17,55,66,12,-3.62791475,2.205458
6,17,71,79,9,-7.11367777777778,1.539389
6,18,2,5,4,-2.58304925,2.549923
6,18,21,31,11,-9.90710874545455,0.6264508
6,18,60,66,7,-2.75081484285714,2.411038
6,18,71,79,9,-4.62817022222222,1.81393
6,19,2,6,5,-4.635081294,5.15673
6,19,20,31,12,-8.7409433,0.9767974
6,20,19,34,16,-4.818551875,0.5638872
6,20,54,65,12,-3.17243874166667,0.8695925
6,21,19,34,16,-4.147594125,1.432344
6,21,56,67,12,-6.03927070833333,-0.3529375
6,22,16,28,13,-4.59756965,-0.08475775
6,22,59,69,11,-5.48233045454545,2.30276
6,23,2,7,6,-2.52501811666667,3.940057
6,23,15,31,17,-6.41407539411765,-0.3764417
6,23,43,47,5,-2.8156778,1.365692
6,23,64,69,6,-4.86285663333333,0.1489492
6,23,86,89,4,-3.35539225,-1.109226
6,24,2,7,6,-2.739244,0.825658
6,24,16,32,17,-5.63446575764706,0.05705362
6,24,42,47,6,-2.10668866666667,1.801862
6,24,64,70,7,-3.85465128571429,1.311263
6,24,86,89,4,-6.93143,-1.988371
6,25,2,6,5,-7.14967472,-0.2353086
6,25,16,32,17,-3.37029841176471,1.755079
6,25,64,70,7,-3.31545398571429,1.338766
6,25,86,89,4,-8.663032,-2.240792
6,26,20,31,12,-2.87222546666667,-0.533285
6,26,51,61,11,-3.39530174636364,-0.05465921
6,26,65,69,5,-2.7260927,-0.1600155
6,26,86,89,4,-6.42937605,-0.7052022
6,27,50,69,20,-2.816977045,-0.4114339
6,28,49,54,6,-2.7007043,0.5961592
6,28,56,69,14,-2.34900985714286,1.907163
6,29,44,54,11,-3.83810345454545,1.464488
6,29,56,63,8,-2.36815016875,0.04239275
6,30,24,28,5,-2.08268644,0.9457477
6,30,45,53,9,-4.57970009555556,-0.03343086
6,30,56,64,9,-4.82425371111111,1.803895
6,31,23,27,5,-3.29890078,0.4267001
6,31,46,63,18,-4.25585743333333,1.036927
6,32,2,5,4,-2.771298525,0.2204559
6,32,22,27,6,-2.24604776666667,0.9144354
6,32,58,63,6,-3.32316733333333,4.050696
6,32,79,85,7,-3.16985228571429,1.407077
6,33,22,28,7,-2.57138245714286,0.5977163
6,34,9,14,6,-2.1178693,0.2624322
6,34,22,28,7,-2.83669487142857,1.871201
6,34,43,47,5,-2.1440687,0.5121785
6,35,81,87,7,-3.51437162857143,0.2371539
6,36,81,89,9,-7.30156944444444,-3.257701
6,37,43,48,6,-2.43205896666667,1.913945
6,37,51,57,7,-2.54390615714286,1.213684
6,37,80,89,10,-5.93854903,-0.8752173
6,38,82,89,8,-3.380672625,-2.286304
6,39,2,7,6,-3.26291191666667,1.506003
6,39,82,89,8,-4.03173575,-1.051803
6,40,2,6,5,-7.6789203,0.6904355
6,40,30,34,5,-2.0529164,2.208021
6,40,82,86,5,-2.8327984,2.076697
6,41,2,5,4,-4.577733,2.18134
6,41,29,34,6,-2.87705955,0.8385757
6,42,2,5,4,-3.5941057,3.391947
6,42,28,34,7,-2.4334872,0.3515376
6,42,61,68,8,-2.7294775,1.102294
6,43,60,68,9,-2.03199744444444,1.668971
6,44,56,64,9,-4.04307077777778,-0.3190489
6,44,85,89,5,-2.9283688,-2.002812
6,45,9,18,10,-3.76934636,0.3209154
6,45,57,67,11,-4.11634967272727,-0.2494342
6,46,11,23,13,-3.88517734538462,1.326631
6,46,38,47,10,-2.23664892,0.8989975
6,47,9,18,10,-5.960005645,0.09083655
6,47,29,35,7,-3.00810675714286,1.407039
6,47,55,68,14,-3.15215452214286,1.468341
6,48,2,7,6,-5.11483838333333,0.2436257
6,48,9,17,9,-4.4397524,4.610935
6,48,29,36,8,-6.078798875,0.761571
6,48,55,68,14,-6.20903864285714,2.112611
6,49,5,17,13,-6.59711069230769,1.124267
6,49,28,36,9,-6.8937526,1.831192
6,49,53,75,23,-5.52601408695652,3.71763
6,50,5,17,13,-6.42948916923077,0.2686657
6,50,27,35,9,-6.31425156666667,0.2928289
6,50,53,76,24,-4.3966661975,1.030167
6,51,5,10,6,-8.90027066666667,2.188742
6,51,26,36,11,-3.87430175090909,0.09098494
6,51,54,64,11,-7.48389659090909,0.5469168
6,52,5,14,10,-7.70170988,0.1866232
6,52,18,24,7,-3.87856251428571,3.558506
6,52,35,39,5,-2.1260407,0.5389495
6,52,55,67,13,-9.20478590769231,-0.2868288
6,53,6,17,12,-7.85808345,1.247689
6,53,34,40,7,-2.27482044285714,1.506142
6,53,55,67,13,-11.5071018730769,0.07663475
6,54,12,22,11,-3.04763466363636,-0.2049513
6,54,57,66,10,-9.03276274,0.8989556
6,54,82,86,5,-2.261117,0.7459357
6,55,16,26,11,-9.31244148181818,0.4821717
6,55,58,66,9,-4.71393231111111,0.4560713
6,55,80,86,7,-3.28427503428571,0.04034976
6,56,30,38,9,-4.86133694444444,-0.3325279
6,56,62,72,11,-2.97780790909091,0.777909
6,56,86,89,4,-3.85423575,-1.028849
6,57,61,73,13,-2.97614129230769,0.3837262
6,57,77,81,5,-2.01285596,0.9776231
6,58,78,82,5,-2.26469164,2.780131
6,59,12,23,12,-3.7523032,0.7545646
6,59,31,43,13,-4.32293003076923,0.2417866
6,59,59,66,8,-3.378223575,-0.2144306
6,59,79,82,4,-2.71102775,1.142526
6,60,2,24,23,-3.95962312173913,3.896877
6,60,31,44,14,-4.60704816142857,-0.05695136
6,60,58,67,10,-5.33223982,-0.339945
6,60,84,89,6,-6.7019225,-1.867017
6,61,2,11,10,-2.73555794,0.1976943
6,61,13,24,12,-5.40923598333333,2.707924
6,61,58,68,11,-6.55469345454545,2.299634
6,61,84,89,6,-7.715105,-2.140915
6,62,57,68,12,-5.36882543333333,2.784784
6,63,59,64,6,-5.45916148333333,-0.1383769
6,66,24,28,5,-2.53796062,0.2139519
6,67,23,28,6,-4.07118971666667,0.7961927
6,68,22,28,7,-4.05321335714286,2.197478
6,68,60,68,9,-2.03956647777778,0.5840643
6,68,73,89,17,-5.43093219411765,-0.4127158
6,69,9,17,9,-2.8424851,0.8146201
6,69,21,28,8,-3.9266111625,2.047871
6,69,60,69,10,-2.482840915,3.066081
6,69,80,89,10,-9.0324782,-5.031249
6,70,10,16,7,-2.70778637142857,-0.3464736
6,70,21,27,7,-2.89847657142857,1.663839
6,70,64,69,6,-5.06485945,0.9089153
6,70,81,89,9,-5.264661,-1.557061
6,71,63,70,8,-4.6452113875,0.6681989
6,72,64,75,12,-3.63693229166667,-0.3388612
6,73,13,27,15,-2.84712481333333,-0.2488293
6,73,65,72,8,-2.6361199,-0.2667362
6,74,15,25,11,-4.58063983909091,-0.03081273
6,75,16,28,13,-2.62112555384615,-0.3731702
6,75,73,76,4,-2.1474279,0.1804574
6,75,78,85,8,-5.2899261,-0.1933988
6,76,17,29,13,-3.97800223846154,0.1586279
6,76,35,52,18,-5.94093452222222,0.7630616
6,76,62,65,4,-2.400550225,0.3825161
6,76,73,89,17,-7.58674511764706,1.04416
6,77,2,9,8,-4.293755575,-0.2387286
6,77,18,27,10,-4.98018801,-0.470336
6,77,45,52,8,-3.81879,3.36876
6,77,73,88,16,-9.6277996375,0.4629683
7,1,2,5,4,-2.4257521,3.591921
7,1,9,25,17,-10.4733159588235,0.1660686
7,1,39,65,27,-7.3269455037037,-0.3735496
7,1,68,73,6,-3.29404216666667,1.53001
7,2,8,25,18,-9.62832545555556,-0.1981682
7,2,37,66,30,-7.29565069,0.8163703
7,2,68,73,6,-2.06949645,2.398309
7,3,8,24,17,-9.38313152941176,-0.351712
7,3,38,65,28,-7.55650780714286,0.1743494
7,3,69,73,5,-2.5750872,1.201252
7,4,8,23,16,-8.07088085931563,-9.174905e-05
7,4,39,65,27,-7.11208869777778,-0.05762184
7,5,9,23,15,-5.84343873333333,1.312599
7,5,39,65,27,-5.13148801851852,-0.2750716
7,6,2,7,6,-2.12755201166667,0.09322103
7,6,9,22,14,-3.875521195,0.02977137
7,6,40,51,12,-6.49282571916667,-0.08705663
7,7,2,7,6,-2.98630412833333,-0.03575277
7,7,11,23,13,-2.10200242307692,0.3472249
7,7,42,51,10,-4.73080049,-0.1142549
7,8,2,7,6,-2.747145,-0.207049
7,8,44,51,8,-2.9627196375,1.581304
7,9,2,7,6,-2.47828376666667,-0.4035476
7,10,2,37,36,-2.83400181972222,0.04999109
7,11,2,38,37,-3.70488054864865,1.0823
7,12,2,38,37,-3.92860085297297,0.02320044
7,13,2,38,37,-3.65608868216216,-0.05503524
7,14,2,11,10,-2.54239123,1.421384
7,14,14,44,31,-3.02870429677419,-0.3815063
7,15,2,9,8,-3.3571337125,0.1905153
7,15,15,40,26,-3.09815885,-0.1169891
7,16,2,11,10,-2.93204784,0.7506132
7,16,43,50,8,-2.79291301625,0.02011487
7,17,2,12,11,-3.23495868181818,0.1749003
7,17,22,51,30,-3.12625023666667,0.7864204
7,18,2,13,12,-3.93406956666667,-0.2710059
7,18,26,57,32,-3.67715799375,0.5829367
7,18,86,89,4,-10.58476075,-5.089563
7,19,2,12,11,-4.75695834545454,0.5194941
7,19,27,57,31,-5.87856156774194,0.6099864
7,19,86,89,4,-8.49935625,-4.407393
7,20,2,12,11,-4.64410090909091,0.9926142
7,20,27,57,31,-7.69828147741935,0.5162802
7,20,84,89,6,-7.04097686666667,-0.5489042
7,21,2,11,10,-3.41889669,0.1411451
7,21,28,66,39,-7.92741710769231,0.9145898
7,21,84,89,6,-4.13425706666667,-0.6423834
7,22,2,12,11,-3.23460607272727,0.1201832
7,22,31,66,36,-8.96490922777778,1.242121
7,22,85,89,5,-6.2763038,-2.361851
7,23,2,13,12,-5.30283058333333,-0.137262
7,23,32,65,34,-9.73862430294118,0.0121967
7,23,85,89,5,-7.8328726,-2.429795
7,24,2,14,13,-5.34346903076923,2.643447
7,24,33,54,22,-12.1948997318182,0.1484068
7,24,84,89,6,-7.1382505,-1.89677
7,25,2,14,13,-4.41744046153846,2.309187
7,25,33,52,20,-10.61645937,2.356369
7,25,82,89,8,-5.461584875,-1.545126
7,26,2,8,7,-4.22029822857143,0.600966
7,26,33,51,19,-7.46475855263158,0.5972615
7,26,81,89,9,-3.53862511111111,-1.064026
7,27,2,8,7,-2.68461667142857,0.6143163
7,27,33,45,13,-5.50971544307692,0.01285624
7,28,34,41,8,-2.68212805,-0.1118204
7,28,64,79,16,-3.78558735625,4.12271
7,29,2,11,10,-2.25805214,0.8052238
7,29,35,40,6,-3.14342916666667,2.289982
7,29,65,79,15,-10.3571381333333,2.088188
7,30,2,11,10,-5.403103899,-0.09322699
7,30,65,80,16,-11.84114455,-0.2066278
7,31,2,24,23,-4.0564906,0.203638
7,32,2,23,22,-4.39189830572727,0.005687274
7,33,2,23,22,-3.9169001,0.5634028
7,33,53,57,5,-2.3832514,7.019195
7,34,2,10,9,-5.0071286,-0.2326552
7,34,15,22,8,-2.28099564,0.07861918
7,34,64,79,16,-12.97119369375,6.033266
7,35,2,8,7,-3.91146204285714,0.8993057
7,35,16,22,7,-2.59428981428571,0.7902593
7,35,64,78,15,-13.8042787866667,5.637398
7,36,2,5,4,-2.33307595,0.3929592
7,36,17,23,7,-3.77348192857143,0.8434545
7,36,26,34,9,-2.12372488888889,3.868055
7,36,65,77,13,-17.9568602538462,1.434377
7,37,18,32,15,-3.96400958106667,-0.005212816
7,37,47,52,6,-6.484801,4.728533
7,37,64,78,15,-13.0290436133333,6.9521
7,38,17,30,14,-4.72445970857143,-0.02142902
7,38,47,51,5,-3.2283934,1.226976
7,38,63,78,16,-13.09150830625,4.062452
7,39,16,31,16,-5.8346534375,1.086726
7,39,46,51,6,-2.5509965,3.113376
7,39,58,77,20,-16.338731325,0.2856895
7,40,16,31,16,-7.3103290625,3.373484
7,40,44,51,8,-5.0233574125,1.964551
7,40,58,76,19,-16.4934250842105,0.5406944
7,41,18,31,14,-9.58123035714286,1.137501
7,41,44,52,9,-6.90325577777778,2.011926
7,41,58,75,18,-13.3528756388889,4.28451
7,42,19,33,15,-10.6807628,1.92633
7,42,44,53,10,-5.6021348,1.173699
7,42,60,74,15,-12.7231457066667,7.536483
7,42,79,83,5,-6.0399644,0.151029
7,43,12,15,4,-3.5915725,1.258699
7,43,20,36,17,-11.6377572529412,4.083308
7,43,46,55,10,-3.114381,2.985882
7,43,62,73,12,-11.26445075,2.86355
7,43,77,85,9,-9.41012377777778,4.15514
7,44,11,15,5,-4.653410584,0.08280708
7,44,21,37,17,-12.4723696470588,1.141293
7,44,50,55,6,-3.29901441666667,0.6118175
7,44,65,71,7,-6.56118115714286,0.5960191
7,44,76,85,10,-11.12427912,0.8998088
7,45,11,16,6,-3.54768383333333,5.90559
7,45,22,38,17,-11.7309209352941,0.8018411
7,45,50,56,7,-3.064216,2.497065
7,45,66,70,5,-5.7744502,1.04067
7,45,75,85,11,-9.53775576363636,0.6451736
7,46,2,5,4,-4.44199075,1.558832
7,46,10,16,7,-3.6963768,3.106097
7,46,22,39,18,-9.12077305555556,0.761147
7,46,65,71,7,-6.56356071428571,4.348597
7,46,75,84,10,-7.28843497,0.1220373
7,47,2,7,6,-9.66015416666667,0.071993
7,47,9,16,8,-3.522394525,2.276723
7,47,23,40,18,-7.28014266111111,0.5105341
7,47,66,71,6,-6.27121795,0.7582853
7,47,74,83,10,-8.659052715,0.02109885
7,47,85,89,5,-2.729454,-1.150064
7,48,2,16,15,-8.98181873333333,1.374135
7,48,24,40,17,-5.09069340941176,-0.01951496
7,48,55,58,4,-4.6416591,0.1815806
7,48,66,70,5,-3.7373774,1.920521
7,48,73,89,17,-4.75305709411765,-0.2816092
7,49,2,17,16,-6.49627858125,2.039293
7,49,30,42,13,-4.04663228461538,0.4689326
7,49,54,59,6,-3.1695221,6.509684
7,49,74,81,8,-2.3602589875,-0.4104229
7,50,2,18,17,-3.70878117647059,0.425924
7,50,31,42,12,-4.96873540833333,-0.4290109
7,50,86,89,4,-4.47738625,-1.721092
7,51,5,19,15,-2.76630963333333,0.3153645
7,51,31,43,13,-4.74503201538462,0.2312001
7,52,6,19,14,-2.67937852857143,-0.1824964
7,52,31,49,19,-2.74365437,0.9384871
7,53,27,42,16,-2.17886979375,0.2143596
7,53,55,59,5,-2.13226946,-0.1038933
7,54,5,13,9,-2.04415337777778,-0.1337046
7,54,26,48,23,-3.04547057391304,1.488298
7,54,68,72,5,-2.2753632,2.476226
7,54,86,89,4,-2.507576375,-0.7432815
7,55,26,48,23,-4.34811160869565,-0.307496
7,55,68,72,5,-2.9747274,2.255601
7,56,26,49,24,-4.36771625416667,-0.2497311
7,56,68,72,5,-2.8866386,1.556266
7,56,76,80,5,-2.15216216,0.8430552
7,56,85,89,5,-5.722018398,-0.08314299
7,57,27,52,26,-4.10901263076923,0.3631679
7,57,76,81,6,-3.25940066666667,1.432117
7,57,85,89,5,-7.6960402,-3.118766
7,58,9,22,14,-2.11999045714286,1.281596
7,58,28,53,26,-4.52908345,0.0910858
7,58,76,89,14,-5.57132235714286,-1.555309
7,59,8,22,15,-3.24451981933333,0.07725171
7,59,31,54,24,-4.23885354166667,-0.1966483
7,59,78,89,12,-6.4702857,-0.5910384
7,60,7,16,10,-3.26730197,-0.3939752
7,60,32,51,20,-6.035303224,-0.05512848
7,60,63,72,10,-3.04406073,1.313939
7,60,79,89,11,-3.02048027272727,0.140384
7,61,2,14,13,-3.32965404615385,-0.2497186
7,61,33,51,19,-5.91665241052632,0.3457652
7,61,69,73,5,-2.5026572,3.785673
7,62,2,14,13,-3.50186440769231,-0.4516443
7,62,33,51,19,-4.30559317368421,-0.1848473
7,62,68,73,6,-3.797998,1.12326
7,62,78,82,5,-2.13720368,0.3007206
7,63,2,14,13,-3.29517299769231,-0.06396017
7,63,33,50,18,-3.12473597222222,-0.2585332
7,63,60,73,14,-3.32860413571429,0.9803361
7,64,2,19,18,-3.13503413333333,0.1548974
7,64,34,43,10,-2.23255597,0.1522169
7,64,45,51,7,-2.81240145714286,1.108181
7,65,2,29,28,-4.4870035425,-0.06909689
7,65,44,51,8,-3.05510560875,-0.03122347
7,66,2,30,29,-4.34314151724138,0.6167494
7,66,34,40,7,-2.08368255714286,0.2912711
7,66,43,51,9,-3.5921692,0.3521802
7,66,80,89,10,-2.30630273,-0.5943221
7,67,2,13,12,-3.8395975125,-0.05544215
7,67,43,50,8,-2.62296765,0.8943388
7,67,77,89,13,-4.85409246153846,-2.314457
7,68,2,14,13,-2.84037294615385,0.3839989
7,68,86,89,4,-2.874052,-2.05745
7,69,45,49,5,-2.0517332,-0.400973
7,69,69,74,6,-2.57970385,0.4858609
7,70,69,82,14,-3.44304357142857,1.049773
7,70,86,89,4,-3.372515,-0.716641
7,71,69,83,15,-4.34298288,0.5446338
7,72,10,19,10,-2.73376805,0.2118049
7,72,70,84,15,-5.47997801333333,-0.0469302
7,73,9,19,11,-3.71933540909091,0.4935675
7,73,70,89,20,-6.7916438,1.030403
7,74,2,19,18,-4.67483193888889,-0.1205449
7,74,70,89,20,-5.42502743,3.519158
7,75,2,25,24,-6.58314863333333,-0.2157221
7,75,70,85,16,-6.41163658125,-0.5249293
7,76,2,25,24,-9.564053325,0.1714804
7,76,52,60,9,-2.52254195555556,1.302523
7,76,70,84,15,-5.36399882,2.789464
7,77,2,18,17,-15.3617885747059,-0.06443477
7,77,52,59,8,-4.7120274625,-0.4512317
7,77,75,83,9,-7.10657111111111,1.88985
7,78,2,17,16,-16.47772055625,0.1067981
7,78,51,59,9,-3.55557023,0.04481193
7,78,75,83,9,-7.52441477777778,2.652951
7,79,2,15,14,-15.6198188285714,-0.1288156
7,79,44,54,11,-3.61655444545455,2.542245
7,79,75,83,9,-6.44088288888889,1.141203
7,80,2,14,13,-13.4217514615385,1.317513
7,80,23,29,7,-2.41658322857143,-0.4296056
7,80,43,53,11,-4.87131317272727,4.188538
7,80,75,89,15,-6.8311988,-2.821681
7,81,2,12,11,-13.4218302853636,-0.006355139
7,81,42,53,12,-6.27237370833333,3.814242
7,81,75,89,15,-7.9143518,-1.191301
7,82,2,12,11,-11.6301939090909,2.080761
7,82,42,53,12,-7.37250758333333,1.272169
7,82,81,89,9,-12.1253556666667,-1.94623
7,83,2,11,10,-9.60815764,0.6980146
7,83,41,54,14,-5.47745464285714,0.234701
7,83,80,89,10,-9.551422,-1.363438
7,84,2,7,6,-7.52790701666667,-0.3183041
7,84,14,23,10,-3.85266031,0.6247014
7,84,40,55,16,-3.79647678125,0.1400515
7,84,80,89,10,-8.4873613,-1.185472
7,85,2,6,5,-5.6749272,3.480176
7,85,13,24,12,-7.124013175,0.5449809
7,85,39,57,19,-2.91638963684211,1.70923
7,85,79,89,11,-9.42815672727273,-2.870142
7,86,2,6,5,-3.9747834,6.735557
7,86,13,24,12,-8.99349085833333,-0.2417163
7,86,38,56,19,-2.95105281578947,0.5523361
7,86,79,89,11,-7.01809454545455,-1.272941
7,87,2,6,5,-3.3840121,7.979468
7,87,12,24,13,-8.27997842769231,0.09399494
7,87,38,50,13,-3.48764518,0.03575866
7,87,78,89,12,-6.92310890833333,-0.8934539
7,88,2,5,4,-6.1479817,0.7905672
7,88,13,24,12,-8.01756980833333,0.6011153
7,88,37,43,7,-3.52865245714286,-0.1890987
7,88,82,89,8,-9.094330875,-1.738894
7,89,2,5,4,-4.36052925,3.118
7,89,14,24,11,-8.55527224545455,0.959445
7,89,37,43,7,-3.78350127142857,0.6365956
7,89,82,89,8,-7.0941965,-2.043235
7,90,2,5,4,-4.8945115,3.347389
7,90,16,24,9,-9.01726811111111,1.360617
7,90,36,43,8,-4.0153188375,1.105393
7,90,81,89,9,-5.87142977777778,-1.861969
7,91,2,5,4,-3.48831075,3.563229
7,91,16,24,9,-7.15112315555556,0.1364106
7,91,35,43,9,-3.78455321111111,1.10944
7,91,80,89,10,-6.658115,-1.082178
7,92,17,25,9,-4.27068924444444,0.3228298
7,92,29,43,15,-4.20780218666667,0.1496362
7,92,54,58,5,-2.16219968,0.6706358
7,92,81,89,9,-5.96697755555556,-2.551291
7,93,21,27,7,-2.72936132857143,0.5984316
7,93,28,44,17,-4.62438345882353,-0.2054401
7,93,75,78,4,-2.193244025,0.4724149
7,93,80,89,10,-4.7613973,-0.799144
7,94,22,43,22,-5.06596458636364,0.6766299
7,94,75,89,15,-5.7410887,-0.3842995
7,95,22,42,21,-5.64470052857143,-0.4440271
7,95,81,89,9,-9.49045966666667,-5.027677
7,96,21,42,22,-4.95112115909091,0.9326676
7,96,81,89,9,-5.68300444444444,-3.836581
7,97,9,16,8,-3.0847237375,3.158087
7,97,22,41,20,-3.90306203,-0.2111296
7,98,9,16,8,-3.349804,1.623898
7,98,28,42,15,-4.50482226,0.2465221
7,99,8,16,9,-2.665297019,0.004425829
7,99,29,43,15,-5.60009584666667,0.5926742
7,100,3,14,12,-2.82749774166667,0.0509928
7,100,30,43,14,-6.45537543571429,0.5365347
7,100,62,65,4,-2.575504575,0.2841817
7,101,2,13,12,-3.21955363333333,1.265869
7,101,31,42,12,-7.34009743333333,0.8673451
7,101,61,65,5,-3.2797729,-0.1933195
7,102,2,12,11,-3.41181573636364,0.3318999
7,102,31,42,12,-6.37133915,1.04681
7,102,46,50,5,-2.32266864,-0.5086972
7,102,61,66,6,-3.043019,2.513012
7,103,2,12,11,-2.33568463636364,0.3695846
7,103,32,42,11,-6.75421741818182,-0.2457746
7,104,2,12,11,-2.02314473909091,-0.04722773
7,104,33,48,16,-4.06146751875,-0.1760425
7,104,70,75,6,-2.32664381666667,0.3080751
7,105,34,48,15,-2.72456822,-0.391802
